type,detector,img_i,img_j,num_matches,mean_dist,time_ms,distances
detect,ORB,1,,1000,,31.309,kps_per_image
detect,ORB,2,,1000,,31.9344,kps_per_image
detect,ORB,3,,1000,,33.4872,kps_per_image
match,ORB,1,2,299,49.2508,1.026,57;65;75;72;72;24;65;70;61;38;66;51;67;57;53;56;60;62;49;51;48;47;61;62;49;48;46;37;63;52;59;59;50;44;67;47;29;46;69;65;53;50;68;60;60;65;38;41;52;61;68;32;70;64;63;60;55;59;70;54;41;51;51;44;51;66;52;57;25;33;40;49;50;45;39;24;45;39;47;49;44;70;39;52;26;33;16;41;49;24;27;75;50;47;68;68;69;71;42;53;59;50;38;38;34;36;50;45;40;54;48;61;56;58;41;62;62;57;41;58;58;27;34;50;62;30;38;50;55;63;66;25;53;44;42;30;12;42;44;57;28;38;61;42;23;58;50;41;46;63;55;46;49;39;78;63;41;38;45;46;66;53;57;29;34;62;46;43;34;35;65;27;40;58;50;59;64;43;51;39;55;26;36;53;38;20;19;52;22;27;33;58;67;29;27;57;61;23;56;61;53;30;44;53;63;52;63;57;58;72;58;54;49;37;48;43;47;68;47;53;24;25;20;31;51;69;49;57;65;19;40;22;54;67;62;53;46;47;60;57;60;40;57;46;19;65;24;39;33;59;50;27;46;17;35;31;27;61;58;55;42;62;53;51;52;38;64;50;59;24;34;61;66;66;48;61;54;55;66;61;43;60;55;44;38;54;61;52;61;56;69;62;53;70;67;61;52;26;40
match,ORB,1,3,285,58.1263,1.03596,65;68;63;68;47;48;63;58;67;59;70;69;57;47;70;63;54;59;65;66;78;74;60;69;62;52;76;66;55;43;72;65;59;48;64;56;71;41;69;57;71;51;70;70;69;59;41;55;76;70;68;41;34;67;61;54;70;59;62;64;62;45;76;67;53;50;60;65;66;66;65;66;65;54;42;70;61;49;48;72;40;57;57;69;46;57;50;40;78;57;48;59;53;74;45;60;57;62;62;68;68;35;67;67;53;49;50;66;62;56;59;66;60;64;64;65;56;49;47;55;73;54;47;39;58;68;58;50;35;63;46;67;65;55;51;60;48;67;58;66;42;60;57;68;52;60;57;52;55;62;74;63;73;43;58;75;43;24;53;61;71;53;54;73;71;59;65;29;33;45;67;54;62;62;79;50;61;66;42;38;61;59;39;55;63;58;54;63;55;65;61;62;59;69;70;64;58;52;66;65;64;68;64;56;51;44;27;65;67;58;45;43;45;49;59;53;61;57;60;65;66;55;52;64;64;68;31;60;44;64;42;32;52;58;78;59;67;46;52;59;68;57;44;58;60;53;31;74;52;55;64;72;64;69;72;60;68;54;59;43;56;53;57;42;62;69;64;53;57;47;65;37;54;54;71;59;30;68;53;59;68;59;59;63;50
match,ORB,2,3,257,51.2374,1.10312,31;46;36;37;57;79;14;64;65;40;24;69;51;51;68;21;38;24;36;58;58;57;67;59;67;57;69;38;65;53;64;60;57;68;58;68;34;55;68;66;64;57;70;22;66;63;47;63;63;49;59;77;45;49;63;58;66;50;26;60;53;67;27;57;41;64;61;33;48;52;65;40;30;45;36;43;67;70;56;67;51;73;62;37;40;53;36;62;66;18;44;51;73;24;17;27;35;27;68;50;72;56;55;59;58;62;41;57;32;46;59;52;51;63;61;53;57;62;34;32;44;54;71;55;52;53;20;64;24;62;27;34;26;73;41;54;38;70;59;32;28;21;73;53;43;60;54;72;69;71;51;74;45;63;71;46;60;56;48;40;63;21;68;57;66;40;49;64;61;19;69;53;70;28;54;59;23;24;48;24;29;64;60;57;70;58;25;38;51;46;29;70;71;59;74;64;35;30;62;57;65;55;53;54;33;70;52;54;55;24;43;56;64;63;36;68;16;58;46;49;58;36;56;63;51;42;44;24;67;39;34;66;62;57;62;49;34;60;60;74;55;38;61;46;50;49;58;47;37;49;41;51;54;67;63;24;54
detect,AKAZE,1,,8757,,131.069,kps_per_image
detect,AKAZE,2,,13248,,127.816,kps_per_image
detect,AKAZE,3,,13974,,124.578,kps_per_image
match,AKAZE,1,2,3621,67.8252,152.259,97;102;123;127;115;120;102;125;106;111;120;115;98;110;100;115;124;118;112;123;98;136;121;116;98;119;120;119;117;126;132;125;118;117;128;127;113;129;111;117;97;127;108;111;136;121;131;123;105;102;126;125;108;91;115;119;124;130;113;109;129;129;135;126;91;106;104;100;120;112;132;113;114;117;103;113;137;106;118;98;121;110;107;119;109;104;111;108;98;136;113;131;123;111;116;119;117;119;128;112;133;114;100;120;140;111;127;122;124;106;132;114;114;124;121;120;89;125;116;137;97;131;108;81;134;113;112;103;111;118;123;109;123;75;114;138;113;109;131;127;127;117;110;94;118;72;108;130;119;130;122;109;77;87;118;106;118;101;116;94;117;112;125;139;132;127;116;108;115;120;116;115;100;122;101;120;118;108;138;128;124;125;124;89;117;118;91;109;129;127;130;102;114;114;114;114;126;137;135;103;115;83;93;121;137;106;111;113;128;102;107;125;117;122;113;114;122;130;103;130;130;122;116;125;93;120;87;81;114;130;132;89;85;68;94;139;118;129;129;125;136;108;80;131;120;109;122;121;137;105;101;125;123;106;69;125;141;108;128;106;115;112;101;71;91;87;69;98;105;46;92;76;54;46;70;77;72;71;86;60;104;37;17;116;76;94;109;17;35;75;35;22;37;73;37;27;80;30;31;35;71;29;104;14;98;88;91;25;80;56;65;47;39;105;68;113;31;36;50;85;26;82;36;60;89;41;29;37;52;98;92;54;98;70;70;84;32;110;115;71;32;118;92;106;59;76;47;54;80;33;87;75;49;65;95;75;59;86;45;42;79;86;64;109;106;118;70;125;51;67;85;42;34;47;81;37;79;32;45;77;92;79;34;66;55;101;119;69;44;85;28;120;46;19;107;56;94;36;34;101;66;61;91;111;53;77;107;101;76;93;112;53;93;99;77;88;111;29;70;73;108;84;24;105;29;94;69;83;82;27;98;66;91;114;62;78;79;78;66;30;93;76;81;104;35;45;31;91;19;73;23;25;83;91;75;114;89;74;91;99;102;97;58;88;31;120;41;107;22;57;94;32;75;44;37;43;92;88;80;105;33;76;78;62;22;85;69;62;46;69;25;57;106;80;25;87;85;63;23;37;101;80;22;100;81;83;34;83;101;94;80;26;22;23;89;41;27;19;71;82;41;30;54;71;115;23;71;81;77;57;89;21;21;106;76;17;90;85;28;74;88;38;105;53;83;21;69;82;14;67;83;113;51;31;34;22;22;11;88;36;94;42;40;91;37;77;35;35;29;26;115;33;31;99;82;114;27;28;21;29;17;117;93;21;25;123;98;43;109;88;19;83;85;31;115;107;88;97;90;91;65;107;83;72;62;26;100;84;108;65;37;84;58;54;79;89;96;97;35;82;59;28;80;87;36;102;71;22;84;11;80;49;23;37;31;90;95;69;18;35;88;30;57;105;94;51;48;126;100;62;59;57;84;98;51;107;88;79;32;70;73;36;40;77;111;101;105;134;110;54;101;107;110;95;53;63;25;56;97;60;42;62;54;72;80;42;49;112;79;40;87;45;27;83;98;84;44;38;92;87;85;81;50;44;31;38;44;81;68;52;69;24;95;34;79;62;58;60;24;38;92;87;68;62;85;86;46;48;47;89;27;23;101;75;37;21;124;37;25;35;95;98;85;33;45;31;98;91;38;29;89;37;30;33;42;17;40;105;43;35;23;74;71;113;80;25;89;39;84;78;36;62;63;53;28;75;50;48;49;55;28;88;28;80;44;50;50;62;82;68;48;108;62;85;34;64;23;78;83;43;78;102;83;28;81;58;89;88;25;118;91;96;78;66;78;122;88;86;87;71;76;115;111;95;108;69;75;83;93;43;88;99;89;82;78;90;77;68;100;75;84;18;21;123;86;16;100;93;33;98;90;21;83;78;90;81;106;88;93;33;101;25;41;65;93;65;115;70;40;60;101;56;79;107;20;28;81;109;21;25;28;59;61;100;100;21;44;71;57;79;71;89;50;84;64;80;73;42;49;83;103;98;107;47;79;115;99;55;38;102;36;90;107;87;98;86;36;73;36;51;64;83;45;70;88;48;61;66;96;58;30;78;55;87;72;57;45;82;68;44;49;80;31;30;71;93;90;37;32;31;107;73;27;90;32;85;80;35;84;37;67;25;59;53;76;38;69;33;69;65;102;94;90;25;66;41;83;102;49;65;28;40;84;91;111;43;48;99;59;80;84;89;71;89;75;72;15;64;53;64;59;28;42;97;68;89;43;75;71;110;53;60;44;94;35;46;57;56;48;30;61;84;54;61;30;54;46;47;104;37;41;65;100;79;110;30;104;30;100;94;30;31;111;65;30;51;70;100;39;59;71;113;119;72;44;35;60;56;84;51;80;48;49;41;86;29;32;35;74;74;44;72;32;91;43;47;84;72;40;40;97;70;51;98;73;104;90;75;102;128;97;137;122;98;111;116;118;118;107;138;131;129;139;93;86;81;80;92;102;75;76;104;100;103;114;115;118;120;70;102;114;115;75;85;88;90;100;113;92;127;99;72;83;94;96;64;37;58;44;32;107;13;59;31;66;61;58;75;24;26;51;18;28;49;23;41;73;28;17;25;91;62;25;95;19;68;96;37;97;20;66;27;28;31;58;67;24;72;92;49;80;79;30;31;58;38;88;27;21;35;24;82;69;43;74;112;20;19;35;32;109;40;27;30;19;32;60;19;26;74;90;47;45;58;30;44;30;77;59;25;51;74;28;25;76;29;49;26;63;22;72;33;22;56;32;45;40;108;73;48;119;77;36;101;97;116;39;43;66;102;32;74;120;41;52;32;32;108;47;42;88;30;57;52;73;87;40;31;82;19;61;89;69;38;69;68;28;32;118;119;26;32;46;43;39;26;30;92;19;25;44;79;27;109;15;13;84;29;17;134;59;30;79;121;111;43;112;25;101;81;108;100;47;87;86;121;86;46;47;90;97;86;80;37;92;16;73;108;22;96;15;28;47;85;20;83;72;113;107;98;90;18;80;39;17;22;100;98;23;85;95;29;36;33;84;104;51;26;100;25;91;76;106;95;31;32;41;23;25;83;18;38;63;24;97;93;20;40;33;95;23;21;76;34;48;10;16;25;30;39;84;52;107;67;24;38;40;23;81;107;45;79;78;26;34;23;71;32;42;91;58;25;81;81;83;81;32;100;85;45;22;32;78;80;17;27;95;76;83;27;19;31;29;85;38;23;23;26;47;24;33;86;47;56;19;55;95;23;108;17;41;52;115;52;16;55;84;32;30;78;81;106;95;86;98;28;27;83;111;101;80;42;24;70;69;83;100;49;84;85;19;26;37;84;93;23;68;53;82;87;78;51;25;59;17;20;26;67;33;31;26;88;90;75;75;78;50;85;67;43;100;52;18;50;33;92;75;43;99;65;63;95;47;53;60;109;24;76;98;59;85;55;66;62;59;33;100;69;37;22;55;47;87;9;73;42;62;56;57;109;86;77;89;16;110;108;125;90;71;26;41;62;49;50;36;90;71;41;94;67;19;65;32;83;59;51;112;106;87;68;71;70;109;56;67;32;105;63;55;46;40;52;69;31;50;57;35;24;30;48;27;99;17;95;29;33;83;91;39;78;55;78;96;69;78;73;51;71;113;71;34;38;32;55;28;82;28;43;58;102;54;67;121;88;60;91;72;35;71;98;23;62;52;98;67;38;33;27;37;37;27;43;104;54;86;113;79;49;72;97;47;86;54;45;77;65;26;72;44;36;38;89;89;49;52;87;52;23;22;90;45;30;52;36;73;58;21;74;72;68;41;40;65;29;77;39;37;97;17;29;59;24;64;40;61;36;96;29;15;44;98;40;48;24;99;42;63;35;76;96;58;60;85;69;73;27;55;53;81;18;80;41;58;74;61;72;86;41;24;72;72;43;15;82;65;68;86;29;31;45;85;55;74;32;57;96;95;103;91;47;56;55;53;90;83;88;52;99;68;92;105;72;82;45;80;30;84;91;73;89;114;113;85;54;86;68;96;55;86;68;77;107;106;91;27;69;88;91;93;33;52;58;88;37;32;39;67;78;83;97;64;38;61;80;21;45;50;74;26;78;73;55;85;84;94;58;31;83;64;35;104;64;22;100;21;81;36;86;23;88;76;97;95;64;31;99;68;54;88;32;76;64;91;76;42;109;82;28;60;102;92;90;39;74;50;38;103;69;92;65;72;28;54;50;109;73;38;31;70;61;63;45;41;29;79;55;67;38;41;40;109;41;31;75;89;49;48;35;99;68;70;100;55;86;61;58;98;74;43;81;59;40;58;99;27;72;66;78;76;68;54;30;34;54;85;108;34;67;42;52;62;28;46;32;86;40;96;35;112;66;114;74;100;70;39;46;49;70;45;29;58;43;48;73;40;47;45;31;57;57;63;72;50;39;86;35;40;82;101;98;37;52;98;88;107;48;61;34;67;90;53;43;40;40;60;94;47;77;63;71;67;89;39;90;27;86;60;93;79;37;28;53;48;76;68;36;36;42;87;81;34;94;53;52;66;51;28;34;22;48;97;28;29;49;28;38;31;39;34;36;89;52;37;61;87;43;36;41;41;28;50;79;67;53;42;48;74;89;48;39;92;45;86;48;45;74;108;77;64;29;58;34;86;47;42;44;53;45;67;100;35;70;75;70;33;80;102;44;57;71;43;59;68;73;54;80;65;87;70;36;77;89;35;33;100;106;135;124;80;149;77;74;79;78;94;65;74;90;33;39;71;76;77;68;75;52;47;51;54;25;66;83;53;31;21;73;39;69;32;55;56;63;59;28;73;53;27;60;62;34;74;41;58;74;31;18;34;50;49;62;20;33;33;44;34;89;49;27;77;33;14;80;35;29;34;63;33;66;48;97;55;30;35;91;93;46;18;19;104;78;50;108;82;92;32;100;107;40;63;42;28;33;87;29;43;74;23;30;108;97;32;12;44;79;121;43;33;37;58;29;27;20;23;33;21;97;37;29;35;33;38;85;81;91;73;116;88;120;77;16;28;77;24;79;133;96;110;75;79;79;33;21;34;84;108;18;22;92;89;73;23;71;54;63;85;115;13;106;27;67;96;24;13;105;97;14;25;25;105;100;67;99;89;48;58;28;13;72;97;63;89;38;68;119;58;47;40;31;84;60;71;70;20;26;35;42;78;54;29;71;105;18;67;81;38;20;31;69;93;31;41;72;91;82;34;84;17;52;82;84;65;52;41;38;68;79;27;71;126;60;44;34;81;32;27;10;57;37;52;27;42;105;85;12;54;20;66;63;14;84;91;46;82;53;69;112;20;74;107;82;58;78;27;44;79;57;28;86;114;48;65;56;26;61;30;12;48;82;60;76;108;25;52;69;71;28;74;73;37;68;13;34;89;75;72;95;79;75;27;100;54;18;52;54;67;106;100;65;43;34;10;38;37;43;46;25;18;82;65;66;102;98;109;57;68;21;66;51;73;67;30;104;79;22;83;20;69;44;101;98;72;62;23;28;88;93;62;86;108;61;106;110;39;69;32;47;22;38;25;60;117;68;52;59;49;83;81;107;94;25;27;103;60;86;89;49;65;55;85;68;21;34;71;48;37;48;50;91;89;91;54;81;62;40;51;108;65;84;57;43;78;99;26;100;78;45;97;79;67;23;47;42;34;45;110;46;62;42;69;78;99;85;21;37;104;16;42;93;55;25;28;46;86;33;94;116;51;91;23;32;103;65;41;32;36;39;48;47;88;93;37;80;50;93;56;89;50;80;106;90;70;63;39;78;87;84;87;19;55;77;17;47;30;95;48;36;89;63;55;22;91;41;107;73;49;96;110;74;66;67;84;50;72;56;97;78;82;53;67;93;110;78;74;87;31;97;50;38;110;31;108;98;40;25;17;110;67;52;57;69;56;99;50;33;58;24;104;28;89;103;34;73;47;89;25;94;75;45;113;47;76;53;29;41;37;39;32;38;82;97;42;32;55;105;97;86;54;29;54;68;62;74;51;90;72;100;84;45;91;52;49;48;58;53;35;47;56;35;60;69;48;96;50;45;107;63;37;91;95;58;46;51;63;62;115;91;48;88;74;44;49;40;97;96;28;59;63;65;51;50;49;58;40;35;83;93;31;40;82;75;52;65;76;39;99;75;42;61;42;47;35;40;85;56;57;72;58;67;115;70;48;97;59;26;62;56;65;108;44;47;91;47;33;84;75;55;93;48;39;74;64;98;75;36;80;52;84;75;97;77;75;60;24;94;42;63;34;57;77;74;47;99;60;50;63;41;48;40;46;35;36;102;50;95;42;70;47;56;57;69;41;47;94;53;91;53;46;62;30;40;85;64;54;45;74;54;79;54;50;64;38;56;115;89;64;44;46;40;101;64;51;64;68;71;80;52;66;78;53;47;120;58;47;64;56;25;36;51;56;73;89;77;70;36;68;50;64;42;63;28;65;33;39;33;76;64;52;30;100;109;67;21;43;85;38;26;95;18;48;47;32;56;68;102;101;62;36;25;108;94;13;31;108;96;99;58;16;34;48;96;36;92;15;24;32;93;19;102;18;58;37;21;24;33;31;22;42;120;21;78;82;67;89;86;93;20;104;27;83;47;84;15;24;10;31;89;35;42;27;118;13;69;43;115;101;16;22;47;108;34;51;24;33;96;61;24;94;33;28;81;46;23;59;39;33;20;106;100;77;90;45;35;67;115;33;80;55;98;93;42;78;29;38;34;41;47;50;76;87;48;19;97;89;111;99;82;25;73;28;73;106;59;48;75;100;68;56;94;119;12;90;95;54;16;96;78;20;93;81;75;47;39;86;104;86;105;56;79;66;76;94;14;87;106;39;100;84;48;73;61;102;41;53;81;92;91;83;83;98;107;96;80;66;108;76;72;48;51;47;59;93;64;77;113;46;108;58;30;43;56;86;71;67;41;97;24;48;33;65;52;81;110;77;53;53;46;34;73;52;37;54;86;48;47;87;29;119;59;57;38;27;62;95;69;66;79;23;48;122;76;76;74;64;67;67;117;93;34;99;41;94;65;37;27;91;37;102;40;30;59;54;23;38;91;62;56;106;39;26;26;36;85;56;33;75;75;57;46;80;79;64;50;76;98;64;52;58;35;75;96;101;98;55;117;79;56;66;70;72;79;85;97;68;54;51;43;63;59;99;95;56;58;79;58;73;63;81;77;101;78;44;82;66;75;43;43;78;69;45;51;67;66;58;61;68;68;74;46;85;68;60;71;38;72;58;92;73;105;31;88;64;35;100;115;74;43;59;60;117;47;46;32;84;81;92;29;46;42;50;85;63;100;73;104;47;66;72;110;48;60;86;106;20;34;49;84;46;89;36;99;96;41;81;90;83;46;54;97;80;31;30;75;23;72;104;88;60;69;35;102;103;24;68;43;26;71;62;39;24;55;16;34;15;21;73;15;21;17;101;31;17;27;117;99;54;18;23;17;14;102;69;16;106;82;49;74;26;44;112;36;58;94;76;56;31;100;51;117;103;108;33;85;29;44;100;72;46;42;40;49;34;88;59;125;41;57;104;79;97;67;79;84;88;55;28;28;90;91;117;88;14;39;13;51;105;89;82;33;108;90;72;103;101;99;33;49;106;86;88;74;80;100;101;101;45;73;44;63;39;47;33;108;38;53;30;78;66;30;100;29;92;74;105;108;41;103;71;48;31;54;95;46;38;41;103;89;64;48;60;46;42;55;50;70;30;73;87;103;59;71;69;72;71;76;83;60;92;42;55;69;95;73;41;62;41;48;43;54;59;59;60;54;54;88;63;120;58;49;63;77;61;53;69;71;100;64;54;79;50;91;119;69;112;49;56;71;71;48;83;69;67;83;78;75;103;21;113;40;49;92;47;22;99;29;45;111;104;121;80;48;106;118;18;46;39;118;68;40;42;24;112;54;109;42;43;84;57;107;51;113;107;49;28;45;127;104;106;49;77;40;50;19;59;50;95;58;96;90;43;106;106;65;54;114;42;72;92;68;47;96;63;89;103;63;58;104;59;62;58;50;44;39;62;82;63;66;44;121;109;105;98;85;64;49;105;118;124;34;95;28;83;31;114;112;119;49;117;45;121;113;98;37;109;82;114;106;92;103;91;103;107;86;111;49;95;84;87;74;90;92;116;145;132;105;125;106;105;77;98;91;95
match,AKAZE,1,3,2885,95.4686,172.974,109;111;129;125;111;109;117;114;135;116;122;124;134;122;123;119;118;105;120;103;108;110;110;123;120;106;100;107;116;120;139;118;134;147;129;129;121;103;120;113;89;118;105;116;136;126;128;134;132;80;130;133;133;121;129;119;112;115;101;96;119;105;116;122;130;116;133;132;113;111;122;123;112;117;138;115;123;126;113;119;107;105;115;118;128;124;105;111;128;105;105;138;90;105;132;139;116;96;111;122;96;115;122;134;94;133;130;126;124;141;116;117;106;117;133;133;119;122;133;116;114;129;116;121;125;109;118;102;119;120;129;110;111;112;129;131;101;149;121;126;119;109;106;130;112;129;127;116;123;133;120;118;112;133;129;124;119;129;106;112;112;121;139;88;131;120;126;83;89;116;129;125;134;115;122;104;113;103;100;110;102;126;84;124;113;130;111;122;111;76;91;109;110;122;121;122;118;141;123;108;81;110;125;139;140;92;103;122;88;113;87;110;88;116;110;122;123;116;133;101;104;118;121;120;98;107;131;109;117;116;68;97;116;130;106;143;128;126;120;113;126;118;135;124;120;125;116;95;96;77;144;128;98;124;110;103;109;116;115;110;81;129;102;75;96;132;111;118;135;110;87;130;129;92;111;124;72;119;104;123;113;123;90;86;118;120;120;138;94;100;94;105;129;115;137;86;114;129;129;83;122;125;76;110;135;95;107;91;91;117;130;124;113;121;108;121;129;111;120;113;114;112;129;128;119;101;113;128;119;104;132;111;97;129;126;104;134;103;111;82;117;104;104;115;103;70;107;106;85;113;80;137;86;71;48;82;112;69;68;89;96;85;109;116;63;98;70;99;110;116;73;78;97;82;104;65;68;112;107;109;113;82;67;88;83;115;103;100;83;91;90;95;97;90;106;107;87;104;70;117;98;103;71;109;93;83;115;109;107;116;119;87;70;97;108;74;89;119;106;79;103;75;122;107;80;100;96;79;112;119;94;100;106;126;100;106;106;70;118;72;109;104;127;95;84;82;101;107;108;102;91;73;84;103;113;143;119;94;103;60;95;76;101;82;108;79;84;99;118;74;69;111;74;88;73;119;98;89;64;76;63;63;96;105;115;85;97;70;89;92;81;90;87;82;88;90;85;87;100;93;116;99;94;100;109;83;83;111;89;88;96;80;86;93;110;112;120;96;98;88;81;91;61;91;97;84;95;82;81;74;94;111;83;50;83;79;84;102;114;88;100;97;82;72;85;98;81;92;82;88;84;80;91;69;88;91;97;91;95;75;83;107;86;94;77;96;83;99;88;83;84;99;83;101;93;92;83;80;88;99;96;76;94;89;95;80;63;104;106;110;105;95;103;82;60;90;86;98;94;73;94;64;61;95;101;107;74;101;88;86;80;66;66;79;102;93;113;95;99;116;98;113;73;92;110;74;89;72;100;74;89;91;85;102;115;64;73;78;75;110;68;99;82;101;87;106;89;106;97;81;101;79;59;100;76;96;89;98;102;86;100;94;92;76;69;83;99;94;89;105;102;104;92;92;103;109;94;98;99;83;105;84;102;90;92;101;89;107;104;79;105;112;84;117;103;117;97;106;101;113;111;117;109;105;97;96;104;103;110;103;107;77;97;96;92;131;112;98;101;68;87;116;85;100;71;76;89;109;97;100;102;99;90;83;96;77;103;97;108;97;91;130;106;84;113;91;92;106;83;100;93;79;96;78;96;98;114;89;93;88;96;89;99;71;112;101;97;81;124;86;78;84;93;89;94;71;93;122;95;86;100;140;78;95;97;81;78;102;94;86;78;88;93;56;120;100;69;91;82;90;73;79;75;66;73;76;78;65;114;111;88;79;72;62;81;88;89;80;78;103;78;86;87;86;92;79;82;67;83;97;80;86;75;104;101;63;87;70;99;74;107;93;115;84;88;100;89;111;110;107;119;108;92;82;93;111;86;93;117;95;104;77;85;105;93;101;92;70;109;94;70;83;63;104;91;73;73;80;91;75;75;93;89;57;70;93;83;80;99;78;103;94;105;96;71;76;108;100;81;97;96;86;78;86;74;88;74;80;81;84;74;72;101;89;100;71;82;103;88;91;67;97;87;89;78;82;89;94;83;92;78;74;95;77;93;83;84;81;86;105;107;85;94;56;63;72;81;75;85;68;95;48;84;84;58;74;103;77;88;96;93;105;93;105;86;88;78;110;105;113;112;106;114;91;61;87;76;78;67;94;90;92;66;108;94;80;85;96;89;94;87;80;106;73;127;91;100;90;104;97;113;91;109;102;96;128;99;117;87;96;89;75;67;78;81;73;67;81;75;89;80;107;90;61;83;76;69;88;106;83;92;92;81;75;73;120;100;102;101;135;127;112;99;142;116;125;112;122;119;122;122;127;124;112;129;123;114;92;112;123;123;136;120;70;128;123;89;91;123;117;62;95;89;129;72;122;91;97;118;83;140;112;139;89;131;84;90;94;129;85;119;131;92;91;86;80;74;72;61;70;66;89;68;97;75;70;80;59;64;83;45;107;92;78;87;74;79;120;75;83;97;93;97;66;87;81;104;102;104;87;104;89;102;88;91;80;87;111;103;78;66;85;106;113;75;97;101;95;63;76;80;78;80;87;74;97;88;90;76;100;119;100;104;105;106;110;98;99;118;90;86;89;100;114;97;109;76;92;81;104;118;109;124;110;72;72;100;104;109;122;131;99;119;93;81;66;86;85;107;124;78;106;80;133;89;83;90;81;62;89;78;107;121;83;82;106;111;106;78;92;112;91;100;81;95;102;117;93;80;89;70;69;94;85;96;105;60;98;71;94;93;91;94;68;76;83;109;109;90;118;99;87;116;90;112;80;99;88;82;79;85;107;77;70;77;75;78;75;91;73;77;113;75;93;106;113;87;89;91;97;75;88;90;74;111;94;87;68;64;103;119;116;81;83;57;84;96;92;98;86;128;77;89;80;74;118;89;121;110;100;96;90;90;91;91;91;69;93;67;75;109;84;97;80;74;75;84;83;86;82;83;87;73;113;88;105;92;94;84;80;64;95;85;103;104;85;107;100;100;90;79;103;110;69;104;111;67;96;91;105;106;103;109;101;79;74;90;94;83;94;75;89;88;99;112;84;103;105;69;92;97;97;98;66;109;105;91;103;86;118;107;81;81;90;111;82;85;96;84;98;89;76;86;63;95;100;80;93;81;96;110;97;101;105;99;120;88;79;97;111;93;81;86;94;111;96;106;90;82;89;88;106;100;92;114;114;101;101;113;98;100;134;100;93;117;106;99;87;99;105;59;99;96;93;97;99;108;111;98;93;85;102;104;92;77;94;100;106;80;92;102;114;111;87;106;78;93;87;99;100;99;89;102;112;112;79;106;94;100;88;90;116;87;112;86;117;107;119;107;113;101;96;104;110;94;79;102;90;90;75;74;74;101;68;63;83;75;79;89;101;85;78;80;98;115;69;93;72;75;100;47;76;78;67;112;86;83;89;85;82;89;71;95;85;85;66;96;102;68;90;88;84;94;74;96;77;78;78;50;96;113;93;84;95;94;89;90;97;111;102;94;96;75;81;76;111;118;88;88;94;95;98;81;79;73;72;87;118;97;60;103;58;79;60;91;79;109;96;111;99;69;80;91;91;75;84;108;63;93;89;71;84;87;84;109;67;131;92;104;106;86;75;114;84;80;90;93;97;102;97;70;101;107;96;75;98;67;72;81;97;70;88;68;91;116;113;104;97;100;81;67;87;97;98;86;98;59;92;109;100;89;97;97;69;115;101;114;104;65;102;84;78;72;98;70;104;114;94;107;94;126;89;53;82;94;77;87;79;108;87;80;104;68;92;89;68;82;111;108;71;76;77;98;94;92;97;53;89;104;90;81;74;65;92;128;108;107;83;80;100;69;99;75;97;88;83;85;101;100;68;76;89;92;101;94;81;92;101;97;114;84;96;77;77;97;85;48;108;84;102;59;97;75;86;106;99;72;103;68;88;99;80;88;73;76;114;56;79;95;92;102;77;87;101;102;101;85;100;96;78;111;107;69;82;99;83;82;130;96;92;78;77;85;88;81;104;87;88;82;69;111;63;114;77;89;81;81;78;104;76;77;78;79;87;54;84;101;101;72;97;114;124;129;129;120;99;110;118;104;68;90;73;85;92;91;90;83;85;84;94;70;69;60;50;59;66;72;111;89;90;68;92;90;64;86;60;82;108;50;77;86;93;105;103;90;100;109;84;92;100;95;86;120;82;124;92;71;115;77;88;90;83;120;103;106;94;94;119;125;89;90;118;112;87;93;85;110;112;111;69;116;90;114;87;112;94;73;74;87;85;66;107;103;68;100;103;69;110;82;79;91;111;108;112;84;90;79;93;104;97;117;103;84;109;97;100;120;77;74;82;103;92;89;74;113;99;103;96;86;108;106;91;115;90;101;94;50;96;92;99;84;97;88;88;85;67;100;80;81;104;106;104;63;85;92;91;100;55;115;94;68;101;107;128;97;109;75;110;58;80;100;85;104;103;91;77;93;83;56;105;83;94;77;101;70;116;59;102;74;74;110;77;88;93;85;83;85;111;85;77;76;76;100;94;83;86;84;74;107;119;71;95;124;78;86;88;87;112;73;95;84;96;109;89;67;77;91;117;97;87;87;82;83;96;113;84;81;95;94;90;74;75;99;93;83;110;89;79;112;98;97;110;98;104;96;83;92;115;105;110;109;100;109;113;82;103;108;123;89;112;103;103;85;116;110;106;92;101;116;97;99;100;122;121;106;109;115;100;96;111;93;121;113;105;104;100;94;102;87;107;121;67;113;99;131;92;73;84;90;91;94;78;81;83;85;102;98;110;79;104;78;88;93;77;79;111;91;102;117;80;94;82;66;90;104;102;89;108;60;106;109;94;81;106;88;107;110;95;88;83;73;88;106;78;113;88;73;79;97;94;81;95;117;93;98;81;116;104;87;90;107;94;104;106;101;85;98;112;96;117;69;119;86;112;102;113;115;113;64;85;109;133;99;102;100;74;112;97;103;103;106;73;106;55;88;85;89;106;82;81;105;112;100;78;99;96;71;86;88;100;80;76;88;90;103;97;108;88;89;67;100;104;92;89;98;81;78;82;113;82;85;98;81;93;88;90;98;97;86;83;110;73;109;67;52;99;78;81;117;91;116;97;94;99;100;100;83;88;80;96;109;83;108;89;90;112;98;68;102;93;85;86;73;95;78;85;69;90;77;92;84;84;87;103;107;101;94;119;102;87;81;82;77;77;76;85;104;100;115;73;64;66;120;77;70;64;76;78;76;74;84;77;83;65;87;86;76;71;58;51;95;60;61;81;106;61;55;96;99;98;105;86;115;88;102;85;101;113;78;87;90;70;90;88;95;99;57;92;95;105;83;83;80;86;100;63;121;82;99;60;71;110;79;95;84;80;76;88;77;82;101;74;87;103;115;107;92;58;111;89;78;99;103;99;90;90;67;108;90;78;79;90;91;105;112;121;104;110;106;109;95;100;100;84;105;108;122;81;101;78;89;81;85;83;97;131;71;93;99;96;106;78;111;80;91;93;98;92;85;88;84;74;102;105;79;109;84;96;84;77;93;99;89;105;108;97;102;106;102;100;103;109;111;111;115;106;106;93;108;113;98;100;122;104;107;101;120;101;85;120;98;78;108;83;73;89;114;80;114;116;106;106;81;100;82;96;100;91;79;119;111;86;108;98;92;100;115;88;98;94;98;87;84;96;102;91;98;103;109;113;84;101;96;97;106;103;95;74;116;100;108;76;70;72;111;84;92;89;92;86;80;73;79;117;84;80;78;103;69;75;74;68;111;59;98;92;93;94;104;80;104;108;102;96;100;101;99;101;106;104;94;110;107;103;106;109;96;99;107;116;106;77;109;104;91;70;72;97;97;99;103;78;97;119;111;96;105;93;82;93;95;87;63;113;86;67;75;76;57;90;72;102;79;127;95;61;97;102;116;63;70;94;90;70;80;107;83;123;99;112;104;130;110;100;102;66;109;81;89;97;64;104;88;112;50;91;109;81;76;107;114;83;94;93;102;129;98;86;116;110;104;128;106;101;91;84;104;84;81;102;97;88;115;90;100;86;76;93;81;104;82;84;105;104;99;92;90;101;87;102;113;102;95;117;103;114;119;106;94;104;126;67;77;104;74;91;97;94;107;104;103;82;111;106;92;86;110;102;84;97;101;76;62;81;85;97;88;70;90;81;80;91;107;102;73;92;84;92;113;59;64;79;85;63;65;97;81;91;85;119;108;83;110;102;98;89;121;97;111;105;98;107;118;114;93;110;128;73;64;71;70;67;71;77;112;97;104;118;70;111;81;111;89;107;88;119;86;117;102;116;88;101;100;110;106;113;101;104;105;104;100;110;112;93;99;113;106;75;105;114;123;96;111;85;85;82;67;104;66;90;101;92;114;92;72;118;107;123;94;109;103;125;84;109;129;120;124;118;107;117;109;116;88;103;96;103;107;90;86;101;98;106;99;114;116;128;114;94;111;121;121;91;92;91;115
match,AKAZE,2,3,4284,77.5924,245.485,134;101;126;107;103;127;114;120;118;132;102;124;108;100;122;120;81;115;104;106;120;114;115;123;123;118;97;89;110;118;131;90;116;123;59;117;143;101;106;151;62;78;92;71;100;109;136;95;106;71;122;100;94;75;102;93;90;102;72;88;86;92;113;84;85;92;88;88;117;109;91;59;24;45;87;108;106;91;38;71;93;40;58;51;54;65;42;20;50;25;102;71;89;71;22;95;75;94;99;41;95;87;59;72;86;82;45;83;79;111;33;93;75;69;90;33;28;20;54;43;44;30;45;78;89;74;61;20;86;80;35;21;17;75;22;110;33;92;27;93;102;78;83;34;91;17;74;111;104;38;72;39;77;23;90;69;77;86;14;24;89;113;45;65;10;28;91;58;122;76;26;27;63;124;106;89;87;117;37;73;90;87;93;49;30;114;52;31;84;82;59;43;36;37;91;22;119;78;74;85;78;129;18;76;81;85;74;105;82;97;128;102;71;114;61;84;76;71;36;58;111;105;88;18;97;102;48;90;56;101;109;99;108;28;112;100;114;35;14;96;92;92;85;105;96;96;72;48;81;35;79;85;73;91;74;85;125;53;111;104;35;103;46;25;100;91;89;90;124;46;41;90;106;92;58;123;119;49;48;98;78;107;93;78;54;111;122;25;76;95;65;43;22;101;29;80;38;84;101;100;21;71;19;17;40;107;94;40;28;49;84;98;69;109;38;100;70;71;42;45;39;98;32;69;52;33;71;45;15;16;83;89;97;96;94;65;22;133;70;98;100;99;103;78;98;23;88;112;23;36;64;72;27;29;86;74;89;54;106;33;71;26;11;84;106;75;80;74;31;32;17;61;88;88;39;46;9;67;97;19;100;57;102;85;62;42;80;93;83;91;26;46;98;73;19;111;94;38;77;84;117;33;25;82;33;93;33;100;100;42;63;78;107;80;111;99;33;53;71;47;94;99;98;91;66;82;36;87;100;28;93;33;107;68;16;90;39;102;36;108;77;82;71;29;29;24;61;91;88;32;82;49;72;93;81;92;49;82;23;68;86;90;84;70;89;25;69;102;29;103;105;79;83;24;87;40;81;25;105;81;99;94;92;91;87;70;104;88;91;86;54;93;99;101;80;86;113;88;104;91;102;82;87;79;93;85;107;78;61;105;74;105;90;80;119;95;64;76;63;92;106;74;89;87;33;95;79;99;79;88;86;63;99;90;96;110;78;101;88;120;100;66;91;98;103;58;84;103;89;80;97;92;86;96;80;95;94;107;104;85;100;79;92;33;56;109;21;80;85;96;49;82;34;30;82;85;84;115;18;73;97;81;83;110;70;79;60;67;72;45;35;86;62;92;82;21;83;40;98;71;82;98;36;103;70;81;60;47;61;100;91;43;108;41;87;105;40;24;104;50;105;27;67;31;44;82;50;34;84;84;102;96;39;30;61;26;34;26;93;25;96;90;88;102;92;57;115;85;92;78;49;86;70;56;81;58;88;35;17;28;98;61;100;38;23;43;79;21;102;116;108;97;94;26;109;98;100;60;79;114;19;112;74;69;105;94;108;100;76;106;52;30;117;78;64;101;84;60;66;89;39;106;101;94;93;82;104;53;40;37;109;82;82;60;91;95;99;78;76;110;100;70;80;92;51;91;99;87;106;107;117;73;95;103;103;88;107;107;79;23;99;84;90;110;111;84;107;82;69;119;94;61;85;62;86;86;100;104;66;88;95;89;113;96;91;104;79;113;92;97;76;91;91;115;95;104;66;70;106;104;65;96;82;118;50;72;60;84;82;39;65;64;77;101;67;66;79;38;82;24;103;93;108;86;62;44;75;76;20;42;76;59;47;87;90;26;25;102;100;37;54;34;82;98;75;98;27;13;43;81;89;18;75;74;23;75;92;100;87;47;64;91;94;82;88;31;73;93;77;84;92;85;70;67;90;87;66;67;90;40;88;64;77;80;42;82;83;67;32;32;34;75;45;110;41;64;27;86;97;117;36;103;29;29;96;74;113;83;85;89;26;44;65;73;52;82;33;55;94;104;56;77;59;39;40;101;72;78;90;43;107;57;90;101;73;101;84;105;87;92;68;107;95;48;50;73;84;28;38;79;66;98;104;102;65;103;43;97;115;40;50;104;106;100;81;80;81;71;69;83;70;81;108;27;89;83;80;111;87;84;46;103;47;67;99;88;82;91;58;80;91;29;66;85;88;90;95;58;75;110;89;75;51;60;89;48;32;53;89;89;90;58;47;72;76;104;54;77;53;48;106;109;116;79;109;85;80;89;55;88;85;110;77;108;50;44;77;110;44;40;84;97;85;97;113;66;58;50;92;50;89;73;82;105;69;50;32;90;77;52;91;90;86;99;102;36;86;85;95;56;67;54;92;98;69;45;73;80;100;71;73;81;62;76;68;76;72;89;39;85;102;76;79;67;79;80;109;71;115;72;100;86;83;89;86;112;39;57;74;75;77;101;91;105;81;47;101;44;94;64;79;87;81;92;62;54;73;63;98;80;53;67;67;72;51;94;105;61;54;107;119;46;60;83;52;48;93;72;104;65;67;105;60;27;65;59;71;85;108;49;96;53;107;44;79;82;62;135;85;92;54;66;77;71;30;105;51;50;47;37;41;68;74;101;106;98;70;100;57;122;111;120;109;118;129;112;74;136;79;93;67;65;45;93;79;51;106;104;102;87;81;97;79;71;98;98;85;110;109;64;75;30;98;42;48;64;87;95;36;77;90;34;83;49;72;36;72;86;81;92;88;87;111;65;92;41;30;39;64;83;93;86;88;37;35;34;69;80;32;79;75;35;123;21;99;81;104;27;22;93;66;30;74;18;33;104;73;28;81;100;70;39;20;53;26;104;77;58;68;58;74;84;26;17;25;78;33;69;34;15;67;78;14;18;105;50;73;74;18;84;72;47;46;43;28;86;84;78;27;22;79;27;72;73;88;20;83;81;19;67;69;98;16;91;89;82;76;116;91;67;20;90;109;14;79;90;17;32;117;38;50;50;83;70;85;92;39;100;85;95;27;49;23;28;79;20;114;34;14;75;82;111;16;74;114;83;23;42;17;90;84;100;9;91;86;100;34;63;87;42;11;80;92;33;86;85;29;93;88;84;72;95;103;67;106;55;11;89;12;10;114;79;51;94;73;86;102;109;65;97;95;21;65;94;84;92;17;101;33;35;52;94;14;95;22;9;26;87;75;106;35;26;98;105;75;126;107;16;87;91;88;53;100;24;14;104;95;48;83;84;35;37;109;83;89;87;110;38;98;45;75;61;73;50;91;93;104;94;103;96;60;74;55;97;11;85;106;57;47;43;33;76;65;55;72;43;67;119;63;66;87;19;55;67;92;141;42;100;42;35;50;89;26;64;26;86;46;82;84;87;28;20;35;89;96;102;12;11;54;13;82;28;27;22;96;112;75;97;24;75;96;96;80;11;12;86;27;81;77;89;110;69;12;21;54;23;98;77;76;106;42;110;17;74;97;101;108;93;94;79;74;110;13;82;88;117;90;23;86;88;19;17;94;93;61;82;106;73;23;95;102;104;30;19;88;78;111;16;94;95;24;118;86;37;32;86;67;106;81;109;97;76;105;86;80;91;86;87;46;76;82;111;59;102;92;80;110;104;91;98;38;71;104;76;29;72;105;17;80;96;104;31;109;85;91;99;13;93;30;33;91;95;100;77;87;56;115;87;39;122;103;74;86;68;98;19;99;93;127;70;70;106;65;95;66;16;105;102;77;110;83;110;108;25;121;106;90;39;102;122;86;99;15;95;29;93;44;84;84;14;41;101;92;97;121;72;88;15;108;93;89;75;75;24;12;34;96;103;97;89;82;91;87;105;106;90;89;88;107;74;31;83;90;30;92;98;92;54;93;120;100;39;18;34;105;15;80;113;23;105;63;86;32;109;90;94;119;115;24;30;38;104;93;32;88;97;94;93;105;15;104;21;99;14;98;81;116;102;115;74;75;92;74;81;85;79;97;88;89;30;39;59;91;102;75;69;81;87;88;121;75;92;104;45;31;81;35;57;96;89;67;82;64;72;51;100;54;82;92;105;51;85;68;95;64;73;33;31;86;21;57;61;94;101;109;32;42;101;66;33;99;100;84;18;32;103;29;106;32;97;93;80;81;41;94;98;45;44;96;33;91;71;58;32;90;28;49;31;33;94;101;43;70;96;86;96;103;35;91;93;94;68;54;29;84;51;28;93;78;85;95;99;102;86;75;94;25;115;98;42;99;91;56;70;22;40;19;88;33;89;94;83;109;91;103;89;81;44;106;29;93;75;101;74;98;89;29;30;117;90;32;86;37;27;81;73;107;83;98;89;59;75;68;107;93;88;38;74;49;90;28;61;115;38;73;122;73;102;90;81;54;97;115;117;83;115;18;118;93;79;57;123;47;96;102;107;90;123;107;99;79;96;80;105;131;28;88;115;83;112;29;59;89;100;79;113;26;111;69;85;80;99;75;61;55;91;89;120;76;111;101;102;93;110;83;82;113;87;82;81;83;94;92;94;107;84;108;68;71;78;53;100;117;115;65;113;79;106;44;37;66;90;37;87;26;104;83;33;107;110;34;84;111;74;91;25;114;87;89;53;98;84;84;120;39;57;25;84;103;80;82;95;58;59;75;112;95;107;41;78;67;47;79;69;70;81;80;92;84;82;34;51;86;113;87;43;79;36;105;30;73;69;94;87;85;84;93;23;86;82;83;31;87;90;91;35;116;48;68;52;113;91;110;91;79;95;94;100;33;95;104;54;83;97;90;37;115;108;97;83;107;32;92;81;102;35;46;93;53;90;26;71;71;35;95;97;103;29;102;92;47;54;106;97;94;65;75;121;90;105;30;73;40;99;71;85;83;37;67;85;83;66;70;69;78;116;88;90;32;81;94;96;109;86;98;59;88;95;84;97;83;53;108;98;74;67;102;41;95;77;74;63;84;49;55;102;120;40;84;45;61;51;96;73;82;79;64;69;126;42;70;82;103;71;52;41;88;94;115;82;81;62;64;45;110;101;76;82;117;40;94;109;65;81;85;107;41;102;48;105;102;107;89;37;46;69;59;98;27;45;39;102;81;99;86;103;81;116;102;106;30;111;70;106;75;34;109;62;87;99;27;51;78;89;28;68;88;61;109;87;78;75;77;50;106;99;28;42;35;30;72;52;73;102;102;94;74;75;81;68;103;82;82;97;68;79;75;55;37;75;69;103;67;75;84;92;96;60;59;76;83;105;87;56;81;75;92;86;80;78;89;86;93;81;65;77;95;74;99;35;37;88;101;93;44;99;104;48;63;37;106;59;45;72;89;94;75;56;81;67;75;52;58;62;70;98;63;40;84;80;51;64;91;68;73;109;111;85;40;66;89;89;114;69;48;68;41;52;102;97;61;78;118;81;78;110;91;86;95;93;77;96;97;73;88;80;37;67;72;122;96;96;102;86;74;74;55;79;49;100;72;72;80;90;83;84;109;76;98;46;46;87;87;78;90;80;92;113;73;84;71;77;47;90;38;82;45;98;105;58;64;91;65;78;111;71;77;100;64;78;72;68;90;100;67;75;68;66;59;52;85;61;62;51;76;69;40;73;89;80;125;62;68;50;34;78;66;50;67;87;89;60;38;61;49;64;63;72;78;37;78;103;80;90;78;76;82;55;91;95;66;84;80;85;77;51;80;79;55;75;65;38;21;32;88;95;91;86;21;99;80;47;124;89;62;58;117;75;77;88;77;85;89;47;102;71;91;85;64;81;36;73;94;96;88;94;67;83;54;71;78;121;87;76;96;104;104;85;117;108;37;100;62;91;44;90;109;93;76;102;49;51;64;76;62;90;60;96;66;73;95;55;38;89;101;31;78;78;21;105;95;119;74;44;80;73;85;55;38;41;70;23;18;24;25;77;26;37;103;16;19;70;93;56;81;66;22;78;77;13;24;16;99;40;22;9;33;83;100;108;22;98;102;102;109;116;73;77;82;101;65;114;13;109;13;84;32;99;88;30;107;85;29;109;94;43;52;110;36;81;31;69;86;80;14;29;97;18;15;70;82;79;15;74;93;75;78;91;92;87;24;90;98;83;82;95;120;113;95;62;100;23;18;17;112;24;84;61;96;21;99;24;88;29;34;18;15;93;111;19;74;26;48;83;97;109;77;85;85;101;96;100;33;105;98;116;90;75;87;66;105;86;107;97;81;88;16;73;83;96;91;76;31;87;62;89;28;12;21;51;20;47;125;78;77;83;36;59;36;28;2;20;24;46;89;84;70;22;99;75;31;86;19;77;29;87;27;102;31;105;84;17;98;116;87;109;106;120;102;97;89;18;83;111;29;93;80;105;87;16;109;78;113;20;94;32;28;97;37;22;82;18;96;25;93;29;111;86;89;100;79;105;92;94;113;99;20;107;101;73;99;30;88;119;109;101;25;29;112;76;22;85;63;84;90;49;106;109;17;72;94;105;75;111;99;92;80;33;104;29;98;91;78;71;62;100;100;85;131;22;24;29;81;78;24;101;137;112;87;18;21;104;96;91;99;120;109;65;88;69;108;96;86;45;85;22;26;33;82;26;78;59;15;30;124;32;106;88;44;38;90;33;93;121;88;116;99;78;96;104;85;72;101;93;89;102;80;75;70;75;91;93;80;84;116;81;89;64;80;81;38;100;53;94;76;98;70;63;131;70;103;32;77;77;75;75;79;121;45;71;12;24;89;83;86;79;69;30;70;94;74;41;104;86;105;100;47;28;42;85;40;109;95;93;78;50;102;92;88;93;96;102;110;87;112;108;56;105;104;32;50;29;104;88;85;76;99;85;102;128;92;50;92;89;92;85;116;88;87;39;79;106;108;78;74;74;103;69;83;94;46;82;85;97;40;31;50;79;49;32;106;48;107;119;43;18;82;76;24;103;103;90;27;77;102;93;82;102;26;102;109;118;37;84;84;100;76;66;76;82;90;81;85;111;105;110;91;88;80;82;47;83;29;106;105;94;84;69;59;22;107;43;70;99;31;112;37;80;100;94;42;86;109;29;99;88;41;94;96;63;82;26;97;96;96;93;88;46;23;95;77;101;77;73;51;91;97;72;85;31;95;45;50;84;88;94;109;43;44;109;40;96;99;63;55;84;71;112;82;99;120;121;60;88;80;90;48;34;119;62;69;66;101;107;75;100;65;74;52;89;70;99;84;95;31;92;97;81;131;89;58;85;84;94;110;49;91;91;105;68;102;48;69;72;85;43;103;33;55;49;71;94;80;77;61;119;85;80;99;67;79;80;45;94;45;109;96;91;109;90;97;74;36;96;82;35;82;73;95;84;57;85;43;46;68;123;57;75;89;114;106;91;19;69;110;109;99;91;114;29;80;102;90;85;104;42;49;88;78;86;80;108;84;63;104;75;51;89;77;93;87;53;62;96;121;95;97;97;86;91;87;87;103;98;99;33;87;83;49;79;52;116;81;71;118;56;49;78;102;72;66;44;107;73;67;70;73;75;81;51;91;81;82;56;124;88;71;83;91;83;63;103;64;71;43;108;105;105;101;96;78;85;58;85;71;75;103;106;98;90;81;76;87;102;92;48;49;83;49;90;76;82;73;108;44;56;92;90;106;69;64;77;103;77;75;81;89;77;83;42;53;83;86;56;30;67;74;74;67;49;111;67;40;45;69;46;93;60;79;90;81;50;87;72;57;64;73;93;83;82;99;94;71;71;95;65;45;90;59;42;37;52;70;49;66;85;52;77;103;82;104;98;99;89;48;87;97;96;86;47;32;90;78;104;54;36;78;36;81;70;105;85;62;69;43;59;95;68;120;45;20;78;82;33;89;109;71;34;103;71;76;18;105;95;83;13;104;69;25;85;109;112;96;86;24;101;84;93;11;101;91;116;77;16;92;92;18;94;85;77;89;18;96;103;116;98;49;72;63;14;29;21;110;110;75;118;69;107;47;120;80;102;82;116;82;64;87;112;113;80;26;89;111;87;67;116;103;120;112;30;76;84;39;90;112;20;76;112;76;50;21;21;102;91;92;122;125;40;93;85;86;129;105;105;21;32;40;94;90;91;103;94;43;92;23;118;32;15;79;100;31;100;28;112;103;89;98;122;93;103;21;113;121;115;91;88;26;82;30;87;81;108;92;111;106;102;76;88;100;31;95;117;104;86;79;90;84;85;77;80;85;76;87;91;49;78;29;96;100;93;102;87;95;77;87;110;92;36;74;97;72;81;101;79;32;96;41;43;80;73;86;51;80;95;67;98;97;133;115;28;117;102;106;89;98;96;83;30;40;80;92;106;108;90;35;94;87;105;87;75;68;37;102;116;90;82;114;94;93;98;87;112;82;113;40;107;67;86;95;82;46;22;23;99;103;110;123;38;104;32;80;91;87;79;97;88;90;79;42;101;74;104;103;92;99;107;85;82;47;104;59;100;84;100;91;74;88;103;82;73;96;85;110;64;49;82;72;69;45;94;78;100;81;76;96;93;82;54;42;44;96;72;108;79;112;40;108;74;80;132;42;100;89;102;85;94;46;85;100;110;96;103;90;64;99;85;89;73;42;104;69;107;113;51;101;97;52;96;90;114;90;112;109;81;49;98;100;77;76;67;88;69;82;68;89;91;91;108;82;81;107;79;100;98;94;67;82;91;110;99;99;107;87;106;89;83;35;67;61;80;108;56;71;45;87;72;76;57;60;94;43;97;76;103;59;100;81;93;68;90;97;52;89;50;55;71;94;66;45;90;50;77;98;30;97;129;49;102;79;72;72;69;81;83;99;74;94;62;84;84;110;68;65;92;92;106;111;95;88;46;84;97;106;112;72;78;77;83;62;88;104;30;88;50;101;77;73;74;82;75;84;117;18;106;92;104;84;82;22;106;99;94;98;65;83;113;103;14;92;96;84;83;78;86;21;46;88;75;90;94;86;53;34;67;83;79;126;110;109;120;115;119;107;100;116;123;100;103;110;109;90;80;100;95;109;98;111;112;89;27;114;78;106;31;91;118;126;105;86;111;116;105;92;103;122;81;120;121;98;23;120;87;118;102;109;101;84;50;106;83;88;106;97;115;69;93;69;85;105;96;103;110;117;76;103;93;48;81;81;101;109;106;99;78;33;62;84;100;84;97;123;113;85;113;120;90;85;94;42;75;77;105;107;91;82;95;80;92;84;84;106;81;87;75;95;116;103;94;87;96;71;97;99;88;105;102;98;92;76;123;112;67;81;113;88;112;90;83;111;113;115;83;84;92;82;107;87;107;63;104;90;105;79;74;83;74;56;82;50;79;72;80;77;102;117;60;100;85;58;103;77;83;70;89;71;87;89;84;71;102;79;105;112;63;107;101;92;110;112;96;75;82;98;103;107;82;106;84;114;87;88;118;89;119;111;93;98;116;97;93;101;96;102;117;122;115;107;125;85;108;122;93;124;133;110;103;105;89;110;109;112;115;107;77;114;118;90;110;110;99;101;100;109;104;92;104;95;87;100;110;114;91;113;74;85;90;96;99;98;95;111;102;102;92;106;86;69;66;92;99;87;106;94;85;82;95;125;82;107;84;75;92;111;104;95;97;108;91;114;111;126;129;114;138;105;104;99;98;87;89;112;96;80;117;87;115;98;92;110;111;74;123;74;75;79;60;87;91;90;105;102;96;97;92;107;119;140;112;87;98;108;90;98;128
