type,detector,img_i,img_j,num_matches,mean_dist,time_ms,distances
detect,ORB,1,,1000,,26.4388,kps_per_image
detect,ORB,2,,1000,,33.9389,kps_per_image
detect,ORB,3,,1000,,57.5105,kps_per_image
match,ORB,1,2,339,58.9853,0.990458,64;80;69;73;49;35;63;62;60;63;70;33;44;60;43;62;59;59;47;49;55;63;56;36;77;41;60;63;57;66;60;49;60;75;59;77;68;75;72;65;43;55;59;70;64;67;67;65;69;65;58;39;81;66;62;38;61;64;23;63;71;65;67;65;56;77;61;77;64;64;58;49;50;76;74;63;65;70;64;38;74;62;71;80;54;58;40;78;62;71;73;57;50;63;70;52;64;71;61;63;62;37;71;34;56;37;63;56;71;62;49;70;61;74;34;52;61;64;65;62;68;58;70;54;71;55;56;66;24;57;66;52;60;38;63;30;67;66;47;75;62;69;65;58;55;55;52;59;42;46;69;24;53;40;65;59;60;51;69;62;55;67;64;36;74;62;50;68;59;54;69;65;67;36;59;63;54;59;69;60;66;55;59;58;61;71;76;62;62;47;67;60;65;31;56;30;70;69;67;61;54;73;75;64;63;67;44;53;61;58;78;60;45;64;70;61;54;54;48;70;70;70;55;68;55;21;58;49;49;58;59;57;64;62;65;60;72;51;51;51;65;71;67;64;68;47;33;69;40;41;74;58;58;40;39;43;73;55;66;59;60;24;20;72;54;67;55;61;64;67;51;53;35;58;56;67;72;77;66;72;57;61;49;71;50;57;22;65;60;29;53;57;56;66;74;68;62;66;69;62;60;69;30;47;68;69;70;53;15;70;69;68;63;67;54;64;72;72;66;69;75;26;18;61;61;52;67;74;61;51;49;54;68;67;70;75;65;48;56
match,ORB,1,3,296,65.0473,0.9345,68;64;66;67;62;76;65;54;63;75;66;66;60;62;59;79;71;77;65;60;70;62;60;70;69;63;63;52;58;64;71;65;58;58;67;68;60;61;60;66;68;70;65;74;63;73;60;67;71;58;61;61;73;69;67;64;71;66;65;62;56;74;75;61;70;70;63;64;64;66;64;74;50;66;67;56;64;71;68;78;70;60;74;54;70;74;63;77;61;67;75;66;63;60;77;62;63;64;54;45;62;63;70;63;64;67;64;73;62;55;52;57;77;61;67;72;69;62;68;62;56;65;57;75;68;59;72;65;60;62;73;64;67;55;59;57;55;72;64;71;54;76;66;64;57;61;72;73;56;54;55;70;66;71;56;73;67;60;78;71;74;65;66;56;66;66;70;73;64;61;60;64;61;67;67;76;64;65;62;65;66;68;63;71;63;53;60;69;74;56;59;69;65;53;64;78;63;61;64;57;71;51;72;66;64;75;55;63;62;64;60;66;61;63;65;61;48;70;76;76;55;72;61;69;70;69;76;66;48;66;59;69;60;61;69;53;66;72;60;75;77;58;62;63;63;65;60;66;69;76;65;57;74;69;79;57;65;65;67;75;76;59;58;64;69;55;80;83;75;67;65;45;67;58;63;72;64;64;57;62;68;57;68;68;63;63;68;66;74;62;66;68;59;55;70;67
match,ORB,2,3,371,54.6658,1.06696,58;72;78;69;61;71;63;64;49;71;43;61;58;62;60;65;53;61;58;79;53;66;55;44;53;59;69;64;63;65;58;62;63;58;44;44;72;61;74;63;68;67;48;70;71;78;67;55;70;64;45;62;71;74;63;65;67;40;76;52;52;66;76;63;66;56;68;55;71;64;70;63;74;65;68;56;62;72;50;35;44;64;40;56;52;50;25;43;51;34;58;52;53;58;65;56;70;55;68;61;33;42;41;26;72;49;48;62;55;65;75;58;66;63;52;78;70;74;42;57;56;44;46;64;62;35;51;67;63;53;63;55;44;63;71;77;57;70;25;71;26;56;44;44;41;57;25;49;49;29;31;71;74;32;34;53;56;43;69;37;44;33;27;64;25;57;60;49;61;44;65;62;72;35;67;67;56;58;69;72;44;74;59;61;62;59;66;66;54;62;62;47;32;68;60;38;48;46;53;55;41;51;55;21;72;33;71;23;49;32;62;64;65;49;44;58;46;66;35;36;33;58;61;28;66;66;32;64;67;54;78;61;66;33;54;23;58;63;42;69;68;62;65;57;20;66;77;34;67;56;67;46;34;25;61;49;76;69;73;67;42;63;59;35;43;37;56;62;64;41;61;76;44;46;29;61;73;39;59;59;66;59;63;60;42;41;63;63;41;58;49;41;40;42;52;40;46;27;55;38;72;62;48;67;65;78;79;28;43;69;75;66;68;50;31;57;37;49;37;42;37;36;31;57;53;33;52;52;65;67;80;36;66;60;65;40;67;42;60;64;63;54;22;56;63;38;31;29;37;59;52;39;27;18;68;65;61;25;66;17;63;67;20;45;41;60;37;66;39;70;60
detect,AKAZE,1,,4469,,115.584,kps_per_image
detect,AKAZE,2,,9622,,126.578,kps_per_image
detect,AKAZE,3,,23323,,153.027,kps_per_image
match,AKAZE,1,2,2236,81.0371,65.2138,70;81;110;67;87;109;96;129;99;94;111;85;67;117;97;123;112;72;108;83;95;85;119;119;86;78;121;119;79;94;103;109;94;86;83;120;80;86;106;89;76;111;87;101;126;119;112;104;106;93;91;119;87;113;113;115;76;99;100;104;137;114;77;99;72;104;98;113;97;118;85;119;76;121;105;120;123;101;108;83;84;42;113;102;79;55;30;67;78;130;87;72;118;60;39;98;94;98;117;86;31;64;49;55;132;68;44;50;81;114;107;109;108;75;62;53;47;51;114;37;91;112;69;115;105;46;91;91;46;110;119;72;87;88;73;90;107;45;91;106;125;75;120;99;109;86;92;98;72;58;102;80;89;85;63;70;36;142;99;68;115;95;91;94;35;52;27;88;79;90;83;27;94;97;90;103;82;86;104;110;49;113;87;74;106;118;96;115;98;105;85;80;113;91;113;44;66;108;83;115;80;79;68;48;62;58;100;107;106;105;91;80;106;77;64;105;118;87;80;97;115;127;103;104;59;107;56;101;110;67;63;120;102;119;107;64;97;105;61;60;86;107;110;105;104;103;122;83;88;118;68;131;112;57;54;22;133;35;51;111;105;108;117;122;30;110;111;57;105;108;96;115;99;94;114;45;33;112;66;105;91;124;108;94;91;114;108;51;92;53;75;113;38;62;58;46;18;119;76;99;121;97;104;99;110;102;57;107;72;131;98;102;66;117;106;67;31;34;124;109;65;112;114;75;109;50;122;28;78;126;106;100;50;98;88;59;17;107;98;103;61;80;21;61;23;110;62;56;65;37;81;111;76;81;44;110;60;35;68;115;116;71;108;25;57;21;42;38;95;120;121;31;79;106;102;129;109;94;46;115;54;63;64;100;98;69;58;93;78;118;24;100;70;76;41;101;35;75;109;125;43;89;103;125;108;104;80;87;28;33;67;48;60;77;116;110;88;51;32;120;92;59;40;100;125;24;96;64;114;107;95;97;105;16;56;68;112;127;94;63;68;43;75;99;96;53;77;110;92;77;130;86;73;66;116;95;112;66;65;88;100;112;108;132;83;115;78;102;79;99;102;102;72;97;95;87;84;83;91;53;132;26;80;88;39;104;103;89;68;124;101;68;52;35;106;90;117;59;107;97;31;101;97;78;20;59;112;108;92;52;100;38;41;65;80;98;109;100;116;105;104;89;115;115;103;74;45;84;109;110;44;116;85;54;56;108;108;50;108;107;27;106;30;56;34;98;85;66;94;104;100;40;125;97;108;66;104;37;43;85;94;30;26;110;26;35;92;90;22;81;21;63;91;27;112;56;61;64;38;117;105;94;54;91;102;115;66;94;114;121;69;28;28;110;44;99;42;69;115;102;68;96;99;92;38;98;101;113;104;86;106;97;96;120;112;106;82;101;36;62;48;55;112;110;89;112;58;113;74;113;38;69;117;87;98;102;59;47;110;124;27;50;121;95;44;98;104;35;56;105;73;92;109;56;126;87;115;92;114;87;50;66;132;106;37;92;83;101;46;68;95;116;108;71;112;73;105;51;40;87;93;82;31;24;18;97;100;77;114;109;69;119;64;47;34;120;95;83;94;83;91;50;76;68;106;92;46;83;95;118;20;98;87;24;76;39;91;107;89;118;57;55;22;117;117;84;98;117;112;52;60;111;34;126;111;102;85;100;77;111;112;119;94;101;97;46;55;123;40;107;41;106;43;116;111;103;113;108;42;46;116;38;137;106;35;50;103;39;63;106;38;65;127;90;108;79;85;88;16;85;63;74;85;108;109;79;112;129;94;121;107;98;103;22;82;70;117;92;108;80;72;76;53;91;78;73;94;64;44;94;82;104;89;112;83;75;110;90;47;38;103;122;33;89;81;122;43;111;81;112;45;66;102;108;41;32;46;108;117;115;98;97;38;130;101;45;94;56;65;114;13;40;23;76;68;25;50;76;115;121;31;55;70;79;111;60;109;40;41;50;62;58;95;51;46;74;51;78;87;85;83;68;74;90;63;75;35;62;64;43;39;86;34;50;102;32;106;59;37;109;119;96;84;100;37;45;103;18;41;119;32;104;101;30;49;79;96;11;91;49;43;105;116;58;90;51;117;109;107;121;95;75;73;84;130;69;88;73;105;118;82;94;98;109;101;126;122;96;108;89;80;109;108;106;81;106;97;125;64;103;81;100;75;113;114;128;77;110;58;106;93;105;102;84;72;105;85;120;120;78;83;64;83;125;137;108;74;78;86;123;80;85;103;94;89;81;78;111;96;92;104;97;104;125;108;73;104;82;104;111;67;34;64;104;72;105;51;132;120;68;129;98;36;39;114;91;56;121;55;126;84;122;86;109;29;69;68;28;118;31;96;95;86;106;115;31;70;46;30;112;70;78;86;100;68;133;26;129;112;64;49;75;97;68;99;109;91;96;99;25;125;85;90;97;116;90;125;96;89;114;97;138;62;130;92;91;122;41;112;115;113;114;98;75;73;105;126;103;115;118;80;110;89;101;53;129;110;107;106;99;96;115;118;107;51;24;107;109;110;106;107;123;108;134;126;78;53;136;60;99;113;101;134;49;64;80;118;89;102;61;33;24;67;108;110;102;66;99;108;30;59;59;114;42;86;89;69;102;99;23;22;39;107;17;66;95;90;82;35;36;125;28;70;105;77;52;111;103;42;45;89;72;54;47;21;131;73;25;14;68;104;114;78;137;111;113;55;111;115;72;16;98;43;68;63;54;130;61;87;114;56;117;134;56;48;106;121;60;112;53;70;20;110;25;59;92;33;85;110;114;92;52;72;123;106;104;99;117;102;50;18;77;82;80;67;16;97;40;109;74;73;136;98;51;104;105;53;96;102;97;83;69;47;30;77;65;83;112;68;27;58;118;91;94;87;31;36;84;44;28;63;42;41;95;111;94;103;98;52;103;75;94;50;130;96;100;44;40;100;24;46;57;74;110;93;97;39;110;110;69;37;49;43;51;111;80;94;119;21;45;49;48;58;58;86;62;54;93;96;110;134;99;100;113;104;92;77;59;77;124;104;29;18;105;39;112;24;123;109;30;27;106;69;79;93;32;114;101;25;83;118;106;105;51;119;104;129;57;32;112;57;116;27;113;93;28;102;23;110;112;54;34;106;72;93;99;83;107;113;28;15;54;52;73;114;108;101;98;117;19;100;93;34;92;90;111;132;50;43;113;112;109;97;100;12;51;98;84;93;59;39;114;117;101;24;18;71;32;39;57;62;59;76;109;116;95;25;67;66;39;98;123;78;44;98;97;121;107;30;110;114;74;121;110;111;104;89;41;54;83;42;67;79;110;15;45;87;84;81;112;105;105;64;101;96;124;95;49;94;107;114;104;90;88;93;48;97;34;17;91;75;93;50;78;119;48;88;109;64;118;87;107;28;123;60;112;86;93;39;25;43;104;102;55;76;91;47;85;112;67;64;78;110;111;75;61;84;41;119;22;102;100;45;97;120;43;35;114;70;49;86;39;103;113;97;30;54;45;44;20;107;45;68;34;94;58;60;40;48;93;26;19;27;17;47;110;53;34;39;22;76;38;54;109;35;45;102;105;115;105;98;111;114;90;106;114;97;119;96;82;102;115;77;69;81;69;89;83;75;79;87;116;83;65;55;118;125;68;86;99;48;109;78;58;35;89;59;49;119;70;38;76;51;39;99;121;111;25;110;88;95;110;88;62;113;105;42;29;113;69;115;96;121;27;106;83;129;105;51;98;82;129;128;118;29;106;119;61;101;125;137;113;41;83;93;118;129;114;43;84;107;108;119;113;90;92;38;33;70;85;77;35;96;109;102;42;93;85;35;87;28;29;93;106;111;80;23;39;80;79;31;91;59;113;38;42;103;115;27;68;75;21;104;33;32;119;112;104;116;120;79;44;36;78;122;105;31;62;97;113;94;114;53;114;34;111;38;43;125;129;37;118;89;104;32;98;55;113;31;62;51;109;28;64;113;114;111;113;44;104;104;91;110;108;19;74;103;19;94;119;42;30;100;121;27;48;40;101;42;101;51;118;21;31;95;94;110;105;116;93;109;49;128;47;34;102;70;84;114;17;102;36;25;52;106;135;50;118;18;43;123;114;106;97;129;115;98;88;39;53;98;115;108;120;52;115;43;49;65;111;18;30;78;40;33;105;28;50;119;100;19;80;74;34;43;30;117;94;17;58;60;40;71;68;104;109;103;43;44;106;128;96;113;19;27;94;94;48;106;96;92;43;102;70;117;85;104;124;115;107;111;120;99;106;115;106;75;53;95;46;26;106;91;116;55;34;77;46;66;71;105;22;61;106;28;59;86;104;60;124;93;79;103;122;109;100;60;113;57;40;108;37;49;68;114;101;102;117;110;50;37;27;102;77;23;100;46;29;83;27;26;23;32;26;34;32;65;32;20;47;35;28;27;101;63;29;40;61;71;81;96;79;86;127;40;55;80;81;74;76;84;85;76;107;74;98;84;69;74;96;74;93;101;63;44;45;43;42;34;81;52;91;75;63;98;57;59;42;104;59;47;111;107;121;105;101;31;98;113;96;90;95;79;107;37;23;13;34;85;80;66;97;45;92;17;42;31;31;59;89;130;119;32;94;52;92;35;23;20;26;30;48;111;92;103;121;113;95;103;112;25;109;46;133;128;121;50;33;123;116;137;71;126;89;103;40;25;101;39;109;51;112;28;111;54;104;26;24;114;105;44;93;115;106;108;53;45;111;64;88;44;17;88;98;69;107;25;79;105;23;86;70;116;44;76;40;108;131;47;91;91;15;41;116;70;31;24;117;37;33;24;26;78;33;30;71;17;17;26;83;75;72;76;79;81;82;70;67;93;55;48;48;89;80;77;83;77;77;71;72;96;90;29;38;96;107;95;29;48;89;44;31;119;53;39;94;124;20;81;89;38;119;130;119;128;101;102;50;118;57;50;36;118;63;104;120;113;114;106;116;60;93;95;103;27;113;16;44;82;101;80;17;43;25;40;78;81;98;69;28;51;26;29;107;94;37;35;117;112;104;105;99;112;114;95;33;101;79;56;41;29;92;52;31;104;91
match,AKAZE,1,3,2578,101.835,155.155,85;79;96;76;83;79;107;102;68;103;97;65;95;80;87;108;92;80;77;108;111;99;86;84;87;104;97;105;97;115;102;98;92;98;126;114;85;118;92;92;91;99;69;93;93;108;112;82;101;88;112;80;79;92;85;102;104;92;110;98;110;105;126;99;110;96;101;88;118;94;88;117;112;112;90;103;100;104;82;104;94;112;108;87;99;82;89;111;94;100;129;94;110;121;109;85;97;92;66;99;76;58;111;129;121;112;100;116;95;106;95;116;97;88;85;74;109;81;78;93;113;106;81;91;108;85;105;105;113;93;105;106;114;78;79;71;91;116;76;83;74;88;85;111;118;107;121;97;95;92;80;121;89;99;99;105;126;105;96;121;75;95;117;103;111;88;94;96;84;112;92;102;87;70;96;97;82;91;88;101;105;90;89;120;123;106;98;93;98;95;100;74;99;111;99;103;75;90;89;101;108;88;105;96;102;107;114;112;87;98;70;86;115;85;114;95;84;97;110;97;106;100;86;85;117;116;91;68;104;96;104;77;98;100;96;84;133;94;104;101;101;96;96;83;109;105;93;97;114;103;82;91;78;85;92;113;93;110;91;108;101;120;109;111;113;118;89;94;105;110;100;97;102;112;102;113;108;110;123;112;103;103;103;96;121;110;115;97;107;118;123;115;131;110;114;112;133;120;99;114;112;69;113;118;113;89;103;96;107;112;120;108;101;115;133;118;114;104;106;102;89;108;108;108;112;90;115;112;123;117;94;73;120;112;111;105;106;107;108;110;119;129;103;124;113;104;119;97;120;105;105;119;123;99;136;125;77;112;101;111;96;107;95;111;106;117;92;108;107;113;88;110;103;113;97;106;104;103;127;100;108;113;90;122;109;107;111;102;126;109;97;92;103;116;89;77;110;111;90;99;112;111;121;94;97;133;107;104;103;111;118;109;107;118;107;115;115;108;114;86;111;71;92;97;88;102;103;81;111;123;105;113;106;76;94;109;103;82;67;124;87;104;107;92;88;88;112;78;75;92;111;75;100;109;88;107;87;120;114;95;107;98;82;94;116;100;122;100;70;117;131;105;103;108;111;104;124;102;132;78;109;94;103;103;117;120;87;99;97;115;80;111;106;120;107;91;77;89;97;105;113;107;98;109;113;81;102;104;98;114;89;87;120;96;116;110;104;94;111;99;91;111;116;132;99;117;102;80;122;87;109;116;126;94;89;107;100;94;120;114;80;84;139;92;100;112;89;101;101;105;83;106;105;131;128;114;105;108;102;97;95;93;97;101;122;92;80;112;115;105;86;101;92;117;100;103;95;119;81;123;75;109;100;101;84;103;96;100;98;104;102;128;100;102;107;101;97;106;102;101;118;84;116;98;100;105;116;108;104;113;102;129;100;107;101;109;85;114;106;86;107;113;96;89;115;108;107;109;105;66;92;103;103;96;96;90;103;121;112;108;104;116;112;91;95;78;103;101;97;98;110;93;78;94;84;103;74;66;118;105;96;92;86;104;75;97;117;107;99;125;108;94;103;117;94;103;78;94;102;69;106;103;100;88;96;103;89;89;111;100;94;90;106;99;102;108;97;113;88;110;119;78;94;103;98;95;112;99;99;98;109;101;103;93;108;96;102;91;110;106;100;94;90;99;92;100;104;103;112;94;97;79;86;100;101;104;101;99;108;112;101;111;109;107;111;91;93;113;91;106;110;119;127;99;118;114;100;105;93;108;100;111;101;89;90;106;117;81;99;99;99;92;122;102;103;118;105;105;101;101;106;95;103;91;99;102;110;90;82;96;120;85;89;105;121;109;117;90;87;102;102;130;106;105;111;90;101;84;75;118;108;95;93;97;100;75;73;100;106;86;94;109;99;112;111;98;105;97;124;115;107;90;98;80;119;89;117;93;94;104;115;81;88;114;113;110;106;100;92;108;121;111;95;116;106;91;96;97;96;98;114;106;106;128;93;104;100;109;101;108;103;115;92;81;125;106;112;107;115;121;112;111;109;119;96;110;93;107;89;93;120;109;109;107;92;103;89;100;101;97;102;109;91;111;90;92;116;113;103;86;109;100;95;117;101;75;79;122;86;95;98;84;101;90;92;92;97;97;84;89;112;105;110;93;97;100;107;108;92;102;113;85;101;108;121;89;113;111;104;122;103;64;78;95;106;96;92;104;97;91;81;100;101;82;96;104;103;111;87;87;75;92;112;87;86;98;103;110;98;97;88;22;113;103;97;114;102;96;111;93;117;103;106;106;102;84;96;119;96;102;89;103;109;123;101;97;104;90;104;104;87;98;90;114;102;84;126;109;116;102;114;108;116;100;108;106;108;103;102;97;101;103;86;94;116;104;108;104;101;122;101;103;94;110;75;90;104;86;107;93;92;117;71;103;93;74;80;107;92;87;109;117;95;114;86;113;97;101;106;100;113;92;79;98;110;100;111;111;114;87;115;107;95;105;90;91;99;103;130;96;96;96;98;116;115;111;100;105;111;91;109;77;106;106;107;116;128;132;126;108;88;93;97;107;109;98;134;119;119;135;119;109;102;107;115;112;110;116;108;125;97;116;92;95;78;93;77;88;85;115;111;114;116;79;99;86;94;93;96;81;90;110;80;121;85;76;74;85;118;72;118;83;87;120;85;78;113;108;92;78;76;99;76;81;94;93;86;115;107;96;111;84;112;112;74;109;100;121;101;95;83;118;116;116;102;87;63;110;73;120;120;86;92;111;79;104;82;101;71;76;117;114;105;84;68;110;124;104;99;123;99;85;96;72;106;81;72;96;90;93;101;99;84;87;71;78;88;95;100;84;95;75;121;108;87;82;90;99;106;123;96;109;73;114;116;99;94;92;91;121;99;117;99;94;112;99;91;96;115;125;89;109;98;87;107;97;121;112;106;115;113;104;111;115;90;121;96;115;115;98;95;108;93;108;91;117;107;112;98;98;103;106;102;113;106;107;123;93;94;126;116;109;101;122;82;106;126;109;115;119;107;107;130;112;101;107;124;112;83;113;115;120;89;93;106;116;75;118;87;89;109;99;123;122;94;112;97;114;112;107;99;78;103;104;116;81;118;128;95;99;83;70;96;112;117;105;91;98;93;85;89;99;98;119;100;107;119;86;112;105;93;92;96;59;114;115;110;121;83;125;104;83;90;108;98;124;122;114;118;75;110;127;112;97;109;89;108;108;113;102;103;109;116;89;105;94;103;122;119;112;101;126;112;119;104;87;111;92;97;110;84;100;75;100;93;99;112;109;98;87;87;94;90;105;97;89;100;97;126;101;108;95;96;106;98;130;99;113;108;92;123;113;117;105;96;102;111;105;117;90;113;88;90;99;96;108;115;105;107;107;93;115;100;106;123;118;96;112;114;121;108;106;91;103;101;101;93;98;128;102;91;124;85;98;92;84;101;131;106;113;116;97;138;93;118;85;92;100;87;96;106;79;100;110;104;121;103;89;101;117;92;123;111;99;106;95;90;91;90;86;106;107;113;109;94;123;124;97;115;102;99;104;108;90;112;71;113;114;105;96;115;97;102;112;118;87;98;92;97;108;87;108;91;120;97;118;113;115;103;113;106;115;103;95;93;98;104;88;116;104;109;128;114;99;109;110;112;91;130;124;112;105;120;113;92;114;91;104;119;95;119;103;112;109;96;98;91;127;101;100;116;106;110;111;100;99;99;104;117;102;109;87;104;95;105;109;100;102;95;89;102;121;92;118;116;88;97;115;106;93;106;101;122;101;95;106;108;95;86;87;112;98;113;97;110;119;121;97;93;98;99;112;99;124;117;97;94;93;116;107;101;87;93;118;89;90;95;107;103;107;89;83;104;99;88;105;110;122;105;107;104;93;78;109;90;100;111;87;113;71;124;90;106;88;105;102;119;91;104;107;98;96;95;112;127;109;92;85;115;99;101;92;100;85;111;101;87;115;99;102;121;93;95;98;89;99;104;97;93;104;85;113;120;81;88;116;97;90;88;114;91;104;119;124;110;114;102;111;108;99;109;90;111;113;111;88;106;111;111;110;97;119;103;105;115;106;104;104;110;92;93;103;97;93;98;116;111;112;86;110;100;93;104;86;93;82;85;104;103;75;100;104;101;104;109;109;90;97;82;96;103;113;83;97;97;97;117;103;110;107;92;94;95;97;91;95;128;114;102;108;99;101;108;126;118;104;119;108;99;96;83;109;110;77;88;75;89;113;97;83;104;89;79;112;91;83;76;97;124;84;68;76;79;82;94;69;112;78;98;96;115;110;85;98;83;97;98;101;75;82;93;101;113;92;108;80;106;111;79;93;111;81;77;91;90;101;106;110;98;88;114;80;98;109;86;108;110;123;108;102;64;93;95;92;95;103;101;109;109;97;75;120;104;114;86;111;88;124;114;64;112;112;103;92;92;120;100;115;128;117;131;117;99;96;145;93;96;106;111;109;132;112;119;130;108;89;112;95;101;114;120;87;89;112;117;112;94;123;97;126;126;106;94;122;123;109;91;79;100;91;96;91;74;92;91;94;102;123;81;85;98;100;91;85;88;105;84;80;100;113;120;112;113;110;99;120;91;105;82;111;102;99;123;104;111;111;103;98;111;100;121;92;96;108;114;106;106;109;104;103;106;118;119;112;79;120;113;118;113;92;115;105;117;109;119;113;113;123;107;123;98;102;112;107;127;111;111;105;110;105;106;128;114;107;121;94;102;108;100;101;83;90;105;105;111;102;106;98;101;100;100;114;96;116;109;87;126;88;96;103;81;110;97;115;98;119;107;96;124;100;95;131;109;105;108;107;107;89;98;104;116;119;104;115;101;108;122;116;103;123;91;109;117;107;116;104;123;100;100;104;108;118;107;91;112;117;123;120;104;91;79;85;99;107;118;119;102;103;110;100;103;106;125;85;115;107;121;106;110;112;101;74;116;101;106;104;96;112;114;107;98;98;115;101;94;82;103;113;107;116;101;102;117;95;109;97;131;86;102;106;114;105;90;103;99;87;72;90;99;119;99;108;104;90;113;100;87;89;112;109;96;112;106;105;101;103;104;102;115;90;108;119;81;120;106;118;108;110;92;119;94;100;103;110;110;106;118;97;102;100;84;113;113;102;102;119;85;82;114;112;95;113;99;106;106;96;92;123;115;102;103;102;125;97;89;105;92;105;110;95;98;79;92;87;76;64;97;99;100;94;114;103;112;90;94;83;85;98;92;82;83;103;80;87;95;92;93;83;78;74;103;94;74;77;102;117;75;77;78;75;98;95;80;100;103;111;92;94;88;136;109;98;112;97;97;103;99;81;110;95;101;90;102;104;123;101;85;79;120;85;102;79;115;100;99;104;117;104;107;103;94;112;121;110;106;94;117;132;81;106;116;100;95;106;96;116;103;97;124;116;100;89;108;106;105;116;95;97;119;110;100;118;103;115;113;115;117;105;130;125;105;126;103;101;117;119;131;104;121;111;130;100;125;98;109;122;104;94;124;113;111;103;112;110;120;112;117;95;104;113;119;113;106;116;107;109;112;94;129;104;97;89;107;105;103;104;126;102;87;95;102;96;110;112;111;111;112;112;108;121;97;111;104;77;107;101;98;113;86;94;108;91;94;104;69;86;79;88;89;92;75;92;86;80;80;92;107;101;88;83;86;109;105;129;110;83;101;102;96;89;115;106;103;129;124;128;94;97;127;117;111;108;104;107;103;113;116;108;116;110;110;108;99;111;89;117;115;107;112;105;112;99;97;99;80;79;86;100;86;83;93;82;91;79;96;72;87;77;84;91;66;70;113;108;101;83;90;89;100;101;107;104;107;116;114;89;95;100;86;77;91;96;84;94;81;103;108;83
match,AKAZE,2,3,5746,78.9386,335.713,78;97;105;87;51;102;96;115;94;89;45;79;86;81;80;58;60;72;109;73;78;54;81;82;95;95;50;78;84;103;106;57;77;55;98;63;108;105;67;102;64;116;50;58;33;64;98;88;104;81;59;70;65;49;102;102;97;102;85;98;72;48;67;56;51;66;103;86;59;79;116;90;108;95;80;95;102;76;100;124;52;100;84;94;62;91;99;42;107;73;47;92;105;98;94;59;98;102;87;56;43;68;88;42;88;101;55;90;66;55;24;40;66;84;107;31;85;39;102;104;96;100;107;79;55;87;52;55;47;102;63;51;28;111;107;118;81;70;49;44;105;89;76;69;74;61;69;57;79;74;60;77;90;106;94;101;104;82;79;78;113;102;59;52;47;84;69;73;96;42;121;85;111;106;66;69;67;96;65;69;49;64;39;79;55;53;72;79;99;60;81;110;58;100;57;68;60;108;93;89;61;84;94;104;37;46;55;23;114;84;67;35;40;54;64;39;87;111;54;32;34;27;59;97;100;71;99;57;54;115;109;66;52;80;77;82;57;65;74;54;116;95;88;75;72;105;89;76;117;91;93;77;55;111;96;80;56;101;67;77;74;94;107;56;115;61;91;74;106;95;95;74;50;73;48;78;95;32;110;93;66;102;80;86;111;78;105;57;50;88;58;116;86;64;86;66;91;102;69;66;56;65;74;54;98;111;90;106;71;31;49;102;36;104;90;79;76;68;59;79;100;61;98;65;30;67;98;77;106;53;43;93;117;67;85;81;68;63;104;89;63;113;77;93;57;79;54;116;93;87;64;115;72;41;65;70;57;63;109;32;67;106;104;103;66;84;87;95;68;108;60;49;116;78;104;50;87;58;54;61;59;103;71;76;48;95;87;79;101;85;71;110;53;75;83;70;86;48;84;62;62;78;100;93;88;80;71;70;95;87;59;59;49;100;44;85;114;102;90;72;66;65;107;117;75;73;107;78;65;87;68;77;65;122;44;48;94;74;76;94;97;90;65;116;40;67;79;124;96;106;50;51;73;110;67;74;89;45;70;87;46;65;68;112;95;117;74;49;109;75;62;75;73;87;93;58;97;75;83;70;123;120;79;70;105;101;65;99;52;41;96;44;83;97;55;104;89;70;85;105;114;87;95;77;92;42;66;92;72;113;102;79;89;102;41;96;41;115;54;83;85;95;56;106;92;45;76;56;52;98;87;102;30;84;37;123;59;80;50;65;100;103;19;57;55;101;110;93;103;55;112;58;60;94;102;60;98;93;126;97;91;63;108;114;87;84;51;111;87;78;117;41;49;84;52;103;119;109;90;24;42;104;76;65;115;97;102;40;79;58;82;91;105;96;49;82;58;110;96;63;52;45;51;76;42;58;102;56;55;111;76;49;100;54;66;69;39;72;123;90;51;52;107;104;25;46;55;96;89;59;70;83;55;103;63;35;71;100;95;38;49;103;84;114;60;100;55;77;57;116;88;73;109;56;116;78;59;48;65;86;68;107;72;109;107;86;39;70;92;33;47;112;109;59;92;70;67;54;96;80;103;96;85;43;27;95;61;51;99;71;37;87;76;81;107;106;60;81;46;41;107;104;37;52;96;48;87;54;99;86;58;72;73;102;48;87;42;120;47;101;69;57;64;42;69;91;65;112;23;30;84;79;107;81;93;65;35;115;107;87;116;105;77;117;106;88;88;66;96;32;103;90;68;83;99;97;81;72;93;113;99;94;66;68;99;50;103;73;97;25;32;81;73;34;61;87;87;65;117;50;110;81;104;62;83;99;46;114;92;91;67;96;81;107;68;92;91;84;94;37;121;118;94;114;107;112;95;120;88;35;43;54;102;117;102;115;74;76;75;99;25;100;73;98;44;92;117;61;123;52;118;39;88;60;90;110;80;113;28;93;98;83;70;106;65;104;71;52;95;28;93;107;104;60;45;68;48;93;80;114;104;108;53;71;36;74;86;62;44;57;104;88;64;112;104;97;108;63;103;46;74;35;45;83;96;44;34;44;48;78;44;46;111;55;95;96;69;68;27;103;57;99;76;108;61;37;91;79;114;94;34;104;71;55;46;34;50;108;97;67;71;74;99;44;23;70;51;101;101;32;72;103;103;61;124;98;123;100;30;51;53;80;101;49;79;55;96;75;104;96;96;56;56;51;33;104;88;106;54;69;107;91;112;106;84;61;111;56;92;64;66;94;44;107;66;106;118;67;87;94;92;56;77;73;120;113;115;57;58;66;65;83;111;118;71;39;91;76;43;92;71;115;99;57;89;88;78;81;90;107;116;108;91;73;96;103;68;111;62;111;47;57;123;94;74;117;116;112;106;107;121;65;72;120;105;77;75;114;128;91;109;92;81;72;107;93;41;99;78;81;101;84;47;47;46;55;111;48;114;79;68;46;82;63;106;89;100;31;99;67;65;110;103;41;97;78;78;38;48;31;49;98;44;72;93;79;68;112;50;47;105;74;95;86;65;45;91;105;98;46;42;109;56;97;34;93;102;83;29;105;79;103;67;53;70;112;100;85;82;30;78;62;70;92;60;71;109;105;117;115;108;109;58;64;60;106;103;49;40;87;37;45;90;98;88;119;42;56;70;97;71;23;42;73;46;46;87;41;32;126;107;96;84;66;93;104;24;48;88;81;101;57;73;100;92;58;47;96;95;47;37;98;72;97;48;52;67;74;90;36;109;92;115;94;45;101;89;22;88;52;83;102;38;82;122;104;85;32;46;96;114;27;64;99;72;89;104;96;72;53;118;121;64;71;99;30;108;72;83;113;104;85;52;46;69;67;93;96;94;108;77;112;131;45;76;116;68;41;82;114;75;49;59;90;50;104;106;59;119;72;103;106;113;104;102;40;113;71;99;132;107;103;116;102;127;107;107;75;91;103;53;45;78;106;92;41;113;78;33;110;61;52;104;51;89;65;82;104;92;32;33;82;87;64;108;62;133;36;82;108;69;34;50;96;98;103;110;107;35;97;115;101;90;91;108;102;76;116;30;116;65;77;74;115;111;136;90;111;73;108;103;47;69;65;108;46;104;112;71;112;55;84;53;100;104;106;83;44;70;59;66;91;115;100;90;92;86;50;87;44;114;68;88;26;86;116;31;101;91;89;112;27;92;26;101;113;92;105;28;96;57;78;70;64;96;116;85;88;88;103;112;102;98;46;96;59;97;95;69;31;44;79;39;61;93;77;106;86;96;87;65;71;45;84;113;85;78;104;105;70;108;100;70;107;114;90;27;68;95;60;91;100;40;71;84;111;91;90;43;108;93;51;49;99;111;60;65;111;72;70;89;29;73;98;102;105;120;94;94;106;104;73;43;110;118;117;98;115;108;57;112;85;108;89;46;91;42;62;104;97;100;51;80;74;97;113;107;88;87;82;94;100;98;87;112;114;41;117;63;52;95;123;62;78;54;99;83;99;35;107;117;119;34;118;98;72;39;68;42;94;104;123;113;37;32;76;80;51;112;83;80;104;120;121;111;107;129;125;100;42;23;64;79;91;72;105;120;61;103;88;102;118;34;95;63;112;36;105;90;72;89;95;62;84;128;85;27;81;97;101;39;106;68;70;101;92;100;44;104;92;83;116;91;70;96;61;63;58;46;96;91;95;60;93;61;96;77;55;97;86;63;28;52;87;70;82;71;52;82;83;101;110;63;117;42;123;112;53;74;121;87;116;93;135;96;80;47;107;93;36;114;107;94;115;107;92;87;53;59;60;60;84;103;53;89;97;44;95;120;120;101;95;99;96;102;55;54;109;103;114;87;100;107;97;57;45;86;91;122;84;66;57;79;93;100;98;38;113;88;87;57;83;32;46;47;58;77;86;87;74;63;111;70;109;32;64;94;114;70;92;109;125;114;42;75;122;118;108;78;127;119;38;99;105;63;97;88;100;66;80;83;64;105;102;90;100;75;107;62;109;115;69;108;92;119;92;66;105;98;111;78;100;126;57;109;100;95;96;97;112;63;82;97;99;111;93;120;110;27;60;117;73;112;131;74;80;98;74;108;53;77;110;125;62;105;105;63;113;96;89;111;111;115;101;99;61;127;77;72;91;80;99;89;111;98;90;81;123;103;76;77;100;93;102;80;115;31;69;49;80;111;112;54;112;110;91;76;77;82;91;91;76;118;78;106;83;57;111;114;44;91;110;70;67;111;84;34;67;81;103;67;103;97;75;105;105;94;68;82;75;89;64;103;111;101;79;107;56;71;102;65;76;50;105;107;28;49;94;95;100;71;96;72;95;80;82;92;110;69;87;86;102;110;103;111;102;88;87;91;84;91;60;67;69;57;34;109;87;39;36;118;66;71;84;97;124;74;93;87;107;71;99;51;71;79;68;81;69;85;82;42;75;52;81;39;89;110;90;42;117;101;44;96;102;73;65;62;99;100;80;110;42;49;94;113;95;78;48;92;63;110;79;87;104;114;100;101;71;82;68;71;99;98;85;75;34;32;58;101;73;122;82;91;85;82;64;97;76;95;110;62;36;104;74;68;119;66;109;104;62;65;69;84;79;115;95;24;59;65;74;75;59;86;106;91;46;63;119;103;48;95;99;72;85;83;105;82;70;106;60;50;60;75;121;78;88;64;79;53;86;100;106;76;96;94;107;108;95;57;102;65;86;70;75;63;90;70;113;65;63;63;68;103;101;48;103;104;70;52;79;81;110;99;48;58;66;53;103;106;56;37;91;86;102;73;114;96;36;63;61;105;103;100;40;112;113;53;99;51;77;84;72;76;117;117;58;107;86;108;53;109;82;76;68;72;72;66;98;68;97;107;54;44;122;69;90;60;60;80;102;111;64;81;17;122;81;115;62;83;106;119;93;80;118;65;98;33;105;70;102;60;116;48;52;62;86;83;95;98;79;72;110;114;95;41;40;101;107;88;42;83;88;103;90;94;102;72;99;71;111;54;79;95;98;87;76;95;111;112;109;68;65;36;106;100;57;25;83;121;47;94;104;122;69;115;71;39;47;97;32;70;88;87;69;102;98;110;35;97;102;44;71;104;97;105;115;100;105;34;110;82;61;97;24;90;94;77;105;56;76;81;103;107;97;95;125;123;120;122;116;92;93;101;106;57;75;93;50;55;35;87;104;127;100;87;96;101;78;96;130;44;47;105;38;99;25;64;107;42;82;121;90;52;60;45;39;101;119;110;61;42;82;114;29;52;102;107;106;83;68;59;118;27;107;94;61;44;40;68;91;30;28;68;90;77;102;77;23;81;120;96;93;97;74;38;73;116;71;30;68;70;102;94;81;68;116;120;61;125;114;66;78;94;74;42;63;38;60;88;73;73;88;86;84;60;92;105;80;51;61;90;110;118;107;91;94;104;66;91;107;97;71;41;80;90;82;65;28;77;63;73;93;70;86;118;76;89;111;101;101;88;53;100;91;98;112;85;40;105;69;72;82;89;36;101;49;80;114;92;64;57;37;123;116;100;90;106;53;57;84;57;93;57;90;59;41;84;106;38;24;110;30;58;71;102;41;56;30;55;51;106;85;79;28;52;103;50;37;50;60;58;49;81;115;55;29;50;33;109;97;112;31;132;124;55;86;110;84;44;98;105;32;107;22;63;85;67;105;30;38;82;93;69;96;91;107;46;74;47;104;36;101;65;85;108;56;92;129;70;95;109;40;84;37;63;57;43;27;71;89;102;65;109;77;94;70;32;79;50;88;47;56;38;74;66;53;113;31;98;60;34;85;97;79;80;63;66;107;75;52;66;109;96;35;56;91;38;32;29;31;75;96;37;69;71;40;86;62;35;28;103;81;45;90;38;74;24;58;22;104;20;85;97;53;63;106;65;40;36;30;21;38;101;95;33;101;24;105;37;106;91;75;18;41;20;130;97;69;29;108;28;50;72;114;73;112;18;87;97;117;102;112;23;99;91;24;53;20;58;30;86;78;29;34;66;95;25;86;74;69;56;25;117;84;41;106;72;86;78;85;51;112;82;126;77;130;60;86;91;81;116;119;71;96;122;52;111;76;26;101;64;102;81;58;59;78;93;81;85;95;88;124;90;67;58;103;88;79;78;98;102;87;86;128;128;112;114;65;114;114;87;88;90;120;124;95;105;110;110;88;121;91;109;86;73;111;76;75;29;76;54;81;44;104;86;77;58;100;91;68;73;89;109;96;85;75;41;33;115;62;101;46;85;84;37;72;66;102;58;65;55;71;92;78;37;57;118;102;46;45;60;72;79;39;73;101;86;61;78;80;86;96;95;102;60;81;106;102;117;94;112;88;83;109;121;84;72;104;107;34;97;112;89;94;73;108;67;77;120;115;80;71;67;62;23;68;101;71;88;112;81;54;72;49;36;81;57;49;103;102;87;48;43;52;103;112;83;86;62;65;53;26;106;50;57;72;108;80;80;72;108;104;105;80;104;112;99;97;47;111;69;59;83;88;47;66;85;113;77;52;59;83;103;121;110;111;74;76;83;90;98;108;104;94;120;78;108;103;83;78;83;83;109;90;57;101;76;68;71;105;104;88;83;110;116;102;117;116;104;101;117;78;46;102;57;64;49;48;129;78;63;93;38;61;86;97;63;46;119;95;57;67;84;77;82;108;80;81;106;75;64;62;107;108;101;116;53;84;83;56;47;74;91;82;89;107;81;59;70;103;112;78;43;42;113;54;114;112;87;55;60;73;80;123;86;67;66;68;98;84;60;55;103;51;53;93;86;104;81;101;40;95;108;44;93;80;99;93;58;57;54;98;112;65;52;55;72;81;64;53;59;76;73;67;59;45;61;37;43;39;69;100;67;77;75;106;80;105;83;52;104;62;91;46;103;121;118;59;38;88;57;52;78;35;64;104;38;87;60;70;69;69;52;123;46;96;53;83;62;84;108;98;106;122;29;81;37;114;116;85;100;95;71;111;65;54;115;114;86;47;67;49;95;85;71;63;112;68;62;97;80;76;104;58;41;88;41;70;73;95;107;97;53;80;97;44;26;120;100;84;34;56;60;58;83;51;53;47;61;87;74;77;50;66;57;64;64;42;110;64;101;59;62;73;51;32;60;65;97;53;61;58;110;61;101;58;95;87;69;93;22;109;63;47;56;103;49;73;57;98;86;68;96;74;110;69;84;66;29;39;80;91;120;59;72;27;90;63;50;27;62;75;66;109;99;89;50;79;95;38;81;108;81;94;100;49;78;102;103;59;87;97;30;113;100;108;90;68;90;72;91;49;49;47;82;110;35;32;104;84;64;62;101;69;119;93;29;45;86;53;110;101;64;74;107;50;55;34;55;52;69;57;52;71;122;79;97;87;75;102;62;70;44;28;80;102;85;77;97;66;66;36;113;80;44;86;73;28;101;62;80;31;91;63;53;56;49;92;96;29;67;81;113;26;113;91;102;83;77;87;87;91;96;82;77;53;106;72;42;93;84;104;60;57;66;58;67;60;82;92;82;109;93;64;38;35;56;101;53;68;67;26;55;67;65;57;65;125;84;102;126;26;74;33;119;31;81;64;127;96;51;66;89;67;58;67;39;87;92;110;85;67;88;33;54;88;51;114;53;99;125;116;115;121;75;115;80;44;98;44;33;59;67;71;103;82;55;119;60;88;69;92;101;78;72;70;79;96;65;44;34;74;85;108;35;67;46;56;122;92;80;120;39;41;37;53;66;73;80;72;103;32;77;42;116;64;46;132;117;53;88;42;78;71;59;42;47;65;107;52;58;117;119;62;44;75;58;109;91;57;79;55;57;115;42;109;33;121;116;46;76;59;107;110;67;45;45;75;112;66;67;75;64;41;106;109;96;40;55;97;49;81;95;102;93;97;110;42;43;54;75;105;56;113;103;27;137;102;38;119;68;24;108;31;130;99;81;52;105;59;113;115;101;64;62;86;106;133;112;91;106;84;87;121;69;65;117;121;81;35;39;64;37;109;35;59;80;39;116;34;76;84;130;93;46;81;126;60;48;52;87;71;88;100;113;39;38;75;95;106;107;41;124;100;82;24;37;88;99;69;87;30;84;114;92;124;104;82;32;78;78;123;54;99;52;123;66;91;111;76;114;101;100;119;112;75;109;102;50;71;116;95;100;95;87;80;90;120;79;34;82;107;65;29;114;79;92;39;54;100;78;67;74;106;101;106;119;81;107;57;107;82;99;114;115;86;113;57;72;91;102;117;102;48;92;97;97;123;96;111;54;64;49;104;66;28;92;93;42;85;102;78;95;108;69;129;67;53;101;100;127;44;113;33;90;54;103;103;93;122;46;39;36;108;64;112;93;127;62;41;99;39;43;99;83;111;31;73;112;107;29;45;110;108;35;25;105;71;111;38;111;101;99;91;58;102;59;65;115;44;77;36;64;33;69;94;62;97;79;103;50;42;97;100;35;74;105;95;36;107;81;88;111;104;101;93;97;30;97;71;119;89;104;106;95;111;86;124;94;36;90;75;112;102;104;68;118;112;105;108;75;116;101;106;101;59;27;63;106;103;126;52;125;122;86;76;109;104;56;123;104;104;115;72;75;79;47;96;103;116;101;98;117;117;69;105;78;76;53;87;107;96;91;87;57;69;61;99;99;107;84;100;106;100;72;91;46;70;103;78;124;87;58;113;113;62;84;79;61;86;37;56;62;100;80;104;88;97;94;82;89;112;119;109;58;110;82;112;87;127;96;73;133;85;99;61;47;94;100;36;79;110;90;64;52;117;93;88;84;58;39;110;109;72;77;41;91;123;114;107;101;102;102;105;91;47;86;80;104;88;114;58;95;82;90;103;62;115;66;110;101;83;107;62;114;86;43;63;109;100;72;120;98;59;79;114;104;82;42;119;106;116;99;73;66;63;66;101;34;60;86;48;112;68;46;99;35;85;111;62;76;62;119;39;58;109;86;98;57;57;108;75;71;125;48;69;110;84;78;87;79;106;53;83;122;48;63;121;95;73;91;110;102;108;76;112;56;97;107;100;45;113;98;49;99;61;52;112;55;108;124;103;93;50;63;51;69;29;107;36;35;99;34;100;108;104;55;82;93;61;40;107;102;85;108;101;119;107;35;44;108;56;39;42;54;67;105;25;44;106;37;47;68;110;98;59;116;110;119;47;112;51;111;88;101;87;91;79;52;93;35;37;63;69;84;28;93;97;89;109;118;45;115;111;76;83;120;48;37;79;66;103;111;34;81;112;81;79;122;92;30;82;91;114;53;37;88;68;92;98;95;117;99;119;90;55;87;121;69;105;112;73;62;106;127;106;115;66;62;70;35;81;57;52;98;104;34;70;34;114;47;45;59;72;39;96;94;45;27;47;56;49;28;106;120;53;95;80;72;31;28;47;85;119;79;30;36;75;31;43;101;73;106;124;34;71;27;126;108;73;92;33;105;34;68;109;85;44;105;110;97;74;40;121;33;70;94;81;111;43;84;70;72;78;28;56;42;65;45;62;39;40;94;81;48;86;50;66;60;38;29;38;88;51;31;57;74;90;20;101;38;38;83;48;54;109;54;98;71;69;30;41;86;49;104;99;58;117;58;38;51;57;106;89;59;36;113;86;104;86;24;30;89;20;15;66;93;104;24;47;96;23;97;27;31;56;95;22;30;47;93;28;69;27;92;77;72;52;30;94;79;75;112;52;114;57;59;53;47;69;101;109;106;54;46;96;73;108;104;95;121;90;73;126;71;124;127;98;37;92;95;118;69;90;53;97;79;58;62;120;72;72;90;105;83;46;101;66;68;54;39;89;49;52;62;77;60;110;72;100;55;116;65;105;57;61;45;85;69;96;96;57;55;102;74;116;77;56;97;42;112;68;100;54;70;92;104;115;117;106;49;70;124;96;109;78;50;93;73;72;36;69;76;62;79;48;51;50;33;104;58;34;47;45;94;87;129;41;77;79;64;47;73;86;39;42;116;88;74;99;95;91;98;49;38;114;56;62;70;90;101;48;86;68;125;112;68;70;99;81;56;73;47;118;118;68;103;83;81;106;83;56;75;50;75;107;113;74;108;68;85;87;85;85;91;52;45;73;68;93;83;120;56;96;75;47;53;91;103;101;75;69;48;99;78;57;41;61;54;100;69;81;110;39;113;43;122;58;101;117;54;100;84;64;71;115;109;64;118;56;50;40;59;76;106;83;42;116;105;81;103;72;86;122;62;69;108;91;107;111;115;42;115;108;86;72;85;55;48;66;66;64;71;67;94;59;61;93;78;30;70;58;29;59;81;51;61;55;101;85;42;48;38;60;71;98;28;82;36;47;77;64;50;93;58;86;98;69;53;65;24;49;91;52;95;62;107;81;96;52;48;114;44;99;78;105;95;40;66;70;77;58;25;104;38;110;116;92;71;66;56;59;94;97;109;90;57;43;73;67;100;102;95;106;103;39;72;46;62;85;76;80;59;54;81;37;80;90;78;70;55;63;78;70;65;72;67;95;64;97;66;104;80;56;125;16;76;79;32;85;43;82;97;107;70;71;35;104;67;57;55;42;82;42;80;48;103;62;29;38;37;108;48;97;67;54;36;82;101;110;39;121;111;56;21;43;109;32;90;95;90;84;48;105;117;58;44;66;121;81;79;99;129;49;109;124;94;24;34;77;82;86;121;90;61;37;101;93;35;84;96;91;91;112;90;85;49;84;81;43;76;57;87;109;71;23;113;85;65;85;110;92;59;61;96;43;68;101;105;88;94;74;26;28;78;126;99;118;96;92;77;48;108;88;57;116;34;73;102;21;118;81;47;97;89;28;111;90;56;103;119;55;104;96;103;108;65;79;81;29;108;62;97;62;103;94;101;21;42;88;83;36;79;26;117;66;97;101;89;40;65;119;85;80;83;76;55;96;84;66;87;113;38;82;37;114;116;120;92;89;36;38;87;84;68;77;85;76;98;99;105;68;21;127;103;92;58;110;80;94;58;89;62;85;48;35;83;36;51;89;30;57;108;93;55;51;116;98;48;34;100;107;103;96;85;77;35;71;77;107;46;97;40;119;101;64;37;83;99;99;82;106;67;40;109;65;62;121;102;49;99;87;83;83;44;67;81;46;70;83;41;76;120;92;101;87;92;109;29;111;108;97;17;125;80;108;123;103;91;101;73;117;100;75;75;100;90;63;48;92;101;76;93;116;66;106;103;83;105;107;101;104;41;34;40;49;83;115;107;72;72;87;89;90;57;65;92;73;80;103;39;108;75;61;109;116;49;81;103;92;63;30;99;106;99;111;66;68;135;81;129;72;86;105;92;85;100;45;65;109;60;27;109;56;57;70;73;105;77;44;92;67;74;99;115;73;95;52;55;68;105;130;94;58;97;91;77;92;39;90;28;83;109;64;56;94;107;87;106;72;106;77;95;118;107;93;42;110;106;92;113;116;100;100;61;103;104;91;105;56;62;114;41;79;64;89;124;49;75;85;135;105;103;99;105;124;45;113;51;112;93;117;107;105;35;31;72;30;73;87;37;39;44;32;68;82;62;49;87;98;80;50;79;40;103;48;93;23;80;107;97;106;26;103;44;46;100;101;44;115;99;29;44;96;109;95;32;102;54;101;43;105;119;83;105;78;56;117;72;41;116;46;93;64;88;86;39;73;99;93;71;44;69;61;96;57;32;27;84;52;69;106;33;68;69;32;36;58;94;72;68;103;82;64;97;85;39;104;64;77;62;39;25;60;118;60;38;88;115;29;104;94;25;44;37;39;87;55;27;73;22;70;105;20;36;109;73;98;39;88;54;28;40;92;78;95;74;32;40;37;29;60;29;48;78;33;20;87;47;69;119;52;116;68;97;95;48;106;52;66;49;104;115;66;99;66;86;95;65;63;48;37;67;66;44;80;82;52;120;64;55;48;106;94;70;79;118;95;61;71;61;105;108;54;71;51;70;46;102;92;90;90;86;91;78;89;92;80;62;57;104;114;109;107;119;87;76;72;100;84;101;67;75;121;114;63;58;88;100;40;60;44;69;67;55;65;84;44;57;84;45;113;69;32;111;42;101;45;33;54;68;61;70;64;61;56;61;46;94;97;67;60;77;34;67;81;81;59;56;51;42;45;90;50;50;27;58;72;32;51;97;78;91;95;64;82;60;87;64;35;122;60;69;89;97;55;36;53;55;67;35;72;63;109;82;40;126;86;65;43;91;75;95;45;82;44;109;71;85;102;46;46;63;78;122;69;80;56;78;30;19;72;90;109;81;98;99;134;114;32;114;136;92;72;35;42;73;115;33;60;31;111;71;97;125;51;61;102;95;114;71;60;97;96;100;108;34;76;106;102;118;97;71;106;123;46;43;58;84;86;78;36;111;114;125;39;109;73;28;89;55;88;101;42;102;110;77;110;87;47;28;63;62;46;103;106;100;95;100;107;33;47;107;46;45;120;16;46;103;90;110;87;105;124;129;114;104;91;113;102;51;97;119;68;96;47;42;90;101;96;41;109;121;66;74;103;90;61;82;44;57;75;56;116;62;55;88;95;121;102;70;71;92;39;89;93;85;113;114;122;113;45;41;32;53;107;40;25;75;115;22;90;87;116;107;111;20;60;23;87;99;109;41;35;82;98;52;105;69;57;58;44;34;60;98;38;50;47;103;91;111;59;93;76;116;94;37;79;48;33;53;40;118;34;38;80;33;116;87;100;109;56;32;27;19;65;118;49;38;23;57;37;110;123;68;54;101;67;38;41;86;95;105;65;59;49;30;37;70;48;41;67;83;82;73;56;82;101;79;55;109;80;64;35;40;98;31;108;78;104;105;100;32;87;106;57;61;125;86;50;106;108;105;73;39;43;102;91;106;73;48;88;53;92;98;92;74;97;95;67;52;105;99;110;51;79;44;75;57;44;34;46;54;34;73;68;79;113;86;53;50;79;36;81;89;54;86;30;47;57;74;32;68;66;36;36;115;63;113;92;47;110;85;36;38;68;88;82;95;107;58;58;62;79;98;61;132;86;98;98;54;80;47;97;58;42;94;60;118;98;53;80;87;94;93;101;78;86;74;95;90;73;83;90;96;91
