type,detector,img_i,img_j,num_matches,mean_dist,time_ms,distances
detect,ORB,1,,1000,,76.7,kps_per_image
detect,ORB,2,,1000,,21.6775,kps_per_image
detect,ORB,3,,1000,,17.11,kps_per_image
match,ORB,1,2,339,52.6873,5.36746,61;54;62;40;16;61;64;79;25;45;54;50;65;70;61;33;42;56;63;69;78;72;23;61;41;38;66;48;48;55;61;45;51;58;67;50;24;69;45;63;65;65;60;68;58;60;64;59;63;71;73;57;54;54;33;58;53;56;76;65;49;69;66;72;56;68;62;70;59;61;69;69;46;65;50;70;46;51;46;60;54;74;55;52;58;57;61;46;64;56;50;41;53;50;58;62;67;59;72;33;62;47;26;47;63;43;66;62;59;74;39;50;70;42;47;46;50;64;27;56;32;43;66;32;44;69;34;37;60;73;61;18;44;60;42;73;49;47;43;43;45;49;53;51;56;66;67;25;32;59;52;59;56;70;42;49;60;25;79;65;59;57;63;50;54;60;63;47;47;49;35;36;63;72;52;39;63;58;32;75;27;55;29;42;64;54;43;59;40;39;65;44;42;62;63;25;20;60;55;60;33;52;58;64;28;62;61;57;53;56;49;59;49;29;32;49;34;68;56;63;54;59;51;61;70;55;29;48;45;63;64;63;54;41;64;62;28;45;50;55;56;62;53;60;48;52;64;47;57;32;48;34;53;46;57;64;58;51;56;51;28;36;66;23;67;38;57;65;44;43;31;62;59;56;60;16;53;34;58;45;56;66;55;36;54;51;52;68;65;67;60;63;50;56;26;30;25;59;58;36;61;30;56;71;41;67;23;59;67;27;13;60;67;58;57;36;46;59;58;41;64;63;72;16;52;57;58;56;61;68;62;56;38;71;48;40;49;41;33
match,ORB,1,3,290,59.5586,0.896292,67;62;59;70;49;74;61;51;62;77;60;69;59;59;66;55;60;69;65;57;55;62;55;60;67;53;59;55;76;61;74;65;70;69;54;61;67;63;71;63;64;56;74;51;57;67;67;52;43;60;66;79;65;64;61;77;49;57;57;70;54;57;70;53;63;75;63;58;64;65;57;53;56;64;67;63;68;61;49;60;78;67;53;44;56;63;75;63;56;63;58;61;55;74;56;56;69;53;41;71;60;53;51;65;51;78;72;55;57;45;54;60;57;58;62;60;65;66;54;53;62;68;58;66;59;63;67;66;56;73;68;63;56;39;57;59;41;48;69;64;66;50;66;56;70;63;77;57;72;55;60;43;34;68;49;56;67;56;56;70;59;62;49;47;68;54;65;64;55;59;43;41;66;63;51;62;64;62;54;68;56;52;65;64;58;43;64;68;55;69;40;67;60;59;52;64;55;51;60;67;49;76;59;59;53;57;46;42;43;44;57;68;64;61;52;55;60;63;54;57;49;64;69;69;54;59;55;62;64;49;57;62;58;71;68;59;58;65;51;61;54;64;60;52;61;57;51;46;65;58;64;55;52;65;60;56;57;46;57;55;61;64;63;55;63;59;49;49;69;50;48;47;54;78;59;58;66;51;51;59;68;59;62;54;64;58;63;51;62;47
match,ORB,2,3,289,59.4464,1.04983,64;59;56;61;77;62;74;72;56;63;61;69;56;57;66;59;61;57;48;70;48;61;69;83;64;49;57;56;72;53;61;67;64;59;65;66;82;58;63;61;48;64;44;54;60;62;56;65;59;69;64;53;54;60;57;62;53;56;70;66;58;63;60;63;47;50;54;65;70;58;64;71;57;56;34;64;61;69;64;70;48;64;67;41;61;55;70;59;72;58;59;66;53;56;69;58;58;55;72;57;55;62;49;65;56;53;59;70;62;67;62;62;57;64;60;59;63;56;60;80;71;60;66;64;65;59;69;62;63;63;62;70;54;69;59;67;69;55;63;52;58;57;52;65;55;53;59;57;67;60;73;55;54;42;39;66;63;58;50;53;54;68;60;61;59;69;51;61;47;61;46;63;58;57;63;63;73;74;67;73;58;55;70;67;44;68;55;46;58;58;49;67;77;53;50;56;41;39;68;61;57;60;54;57;50;69;52;52;48;52;56;71;70;59;63;61;66;49;43;58;66;68;61;49;61;66;53;68;59;54;35;64;56;74;62;61;42;46;63;64;51;65;44;59;34;59;44;59;47;50;42;68;65;66;64;78;55;48;67;73;64;50;65;54;70;55;66;54;53;56;48;54;55;53;64;59;51;47;63;55;63;52;61;55;66;68;53;43;61
detect,AKAZE,1,,5416,,119.293,kps_per_image
detect,AKAZE,2,,7883,,115.6,kps_per_image
detect,AKAZE,3,,4108,,113.265,kps_per_image
match,AKAZE,1,2,2581,76.8396,57.6956,39;86;100;45;50;110;45;36;101;75;30;41;63;44;56;38;25;35;60;36;27;54;32;82;56;61;45;43;120;58;51;47;74;71;32;34;39;39;32;68;72;21;38;100;103;80;38;30;34;41;41;41;95;36;96;79;70;59;47;89;68;132;40;35;28;99;88;110;94;46;83;38;117;96;73;87;28;93;79;64;91;99;115;45;110;47;83;111;97;25;42;120;111;52;60;56;30;93;35;112;65;77;82;114;107;50;98;114;104;115;100;108;117;111;115;87;86;78;89;118;78;83;97;84;113;97;112;100;79;96;112;119;107;91;67;77;117;98;124;84;80;69;117;125;103;103;108;92;58;52;97;121;109;111;53;87;69;86;80;82;32;42;53;90;41;51;111;39;63;106;86;52;118;87;82;86;74;50;62;92;58;102;37;93;60;98;106;88;95;80;94;62;39;110;52;94;52;105;49;62;63;94;105;100;108;90;61;57;40;106;87;42;41;97;61;82;65;105;102;46;29;101;52;104;37;88;108;62;98;57;108;97;78;114;99;96;111;93;97;72;71;95;41;66;127;91;44;55;108;59;56;112;91;108;84;76;108;96;98;100;137;97;74;98;88;83;68;80;62;90;80;115;76;81;85;100;96;82;100;82;119;50;120;44;109;113;67;101;84;102;90;105;104;83;93;98;99;82;92;32;101;109;110;108;74;97;89;42;86;29;85;94;76;71;105;44;51;29;66;127;108;102;104;66;78;101;107;105;81;46;99;42;107;93;77;88;79;76;118;94;104;77;110;65;102;114;120;103;111;97;86;94;62;103;103;91;99;94;101;36;103;100;91;74;109;89;35;58;90;128;48;39;85;109;39;68;55;72;59;106;91;67;49;73;81;106;95;100;68;44;108;91;50;122;74;89;88;59;81;67;56;45;86;83;103;90;43;96;101;97;48;104;96;92;115;83;84;117;109;89;97;65;73;56;43;95;105;45;110;80;82;87;87;74;69;112;48;99;63;114;71;113;93;47;96;94;42;41;39;96;65;31;35;94;91;78;63;63;61;78;50;72;109;109;116;85;41;89;55;75;112;107;111;96;84;61;36;33;98;48;117;104;61;101;26;45;33;104;42;45;103;81;67;23;81;107;59;67;85;53;87;32;58;87;93;50;65;114;105;132;80;76;115;103;82;45;29;90;82;91;70;97;33;57;42;24;98;87;26;34;45;88;94;105;118;96;81;128;106;130;99;102;93;45;87;77;70;42;83;79;63;88;81;58;33;111;73;100;89;72;89;97;55;72;97;104;61;48;30;62;121;105;45;62;112;43;47;35;66;36;26;86;105;58;77;44;94;133;40;45;39;49;56;81;59;53;40;64;64;75;48;75;83;94;48;87;75;68;79;41;87;56;29;50;112;105;65;50;33;133;95;91;96;51;42;59;103;96;82;90;87;88;100;70;102;104;88;91;91;113;108;85;107;124;102;95;97;101;77;116;112;82;101;84;89;69;87;73;89;102;111;62;84;112;86;106;121;81;79;84;63;90;91;108;113;89;95;106;118;96;118;104;107;101;28;67;75;85;98;85;92;86;29;122;59;107;109;84;115;109;77;57;59;111;108;70;122;89;90;100;98;82;95;115;49;82;115;56;91;63;87;27;98;32;80;112;76;102;88;92;55;90;86;85;110;99;90;57;102;78;102;51;94;99;107;71;105;44;99;108;49;83;82;105;91;120;69;92;82;65;95;105;101;100;112;75;47;51;97;110;117;88;113;121;83;95;82;77;76;61;74;103;85;136;114;98;98;50;72;82;78;100;66;63;47;115;106;74;94;108;67;69;60;85;91;58;32;59;106;75;86;83;111;101;66;111;32;79;43;98;59;95;103;122;89;49;70;86;88;102;77;79;96;47;70;96;87;18;99;78;113;56;114;67;70;29;47;21;46;129;35;36;36;24;38;39;39;103;40;64;29;22;68;32;18;115;20;85;114;27;70;85;101;94;101;69;86;28;73;31;99;86;108;75;76;70;92;56;77;83;71;52;90;85;91;88;81;82;97;69;109;71;69;52;75;40;93;86;107;103;96;113;62;63;98;74;122;95;110;77;67;43;90;66;85;102;102;57;109;92;73;57;54;58;95;33;84;84;66;103;73;122;98;102;110;59;62;66;61;123;57;44;94;93;34;88;95;85;102;39;103;77;85;105;72;115;49;124;106;39;69;95;81;84;105;119;77;35;86;109;72;25;109;107;31;92;77;100;50;113;98;97;50;34;123;87;37;37;20;121;37;111;95;66;82;113;81;94;41;99;61;116;60;85;98;61;100;90;88;91;93;58;73;117;99;66;78;62;40;77;74;29;39;41;23;65;61;79;94;56;94;51;94;60;72;44;74;54;52;80;47;50;64;49;81;41;98;68;119;46;79;59;65;55;80;74;94;50;70;62;51;40;69;40;70;41;41;48;75;82;28;35;93;53;100;61;78;52;66;75;49;51;77;72;59;35;51;58;29;113;50;67;94;27;88;28;66;52;111;57;100;58;36;36;93;52;80;94;54;101;100;93;81;44;116;109;36;128;79;67;124;60;104;80;114;119;110;110;96;106;55;68;54;100;35;82;83;81;119;80;79;71;97;24;12;67;90;79;39;80;111;29;37;97;62;67;88;97;78;33;53;28;108;41;87;58;99;86;80;86;67;96;86;97;87;70;75;77;115;109;53;89;45;106;102;109;99;83;102;83;84;85;92;23;21;51;99;96;104;65;21;75;50;33;22;76;31;38;47;83;87;56;56;42;37;30;54;94;56;28;45;39;92;123;63;112;54;64;64;37;43;85;109;77;76;27;78;95;89;93;43;34;75;54;50;74;72;62;67;92;101;80;88;95;109;84;91;102;107;109;114;60;58;97;73;112;111;108;120;99;91;66;88;67;121;113;87;78;86;105;82;95;34;97;100;82;92;92;70;82;95;80;75;123;51;73;74;88;88;112;92;56;102;94;95;114;80;52;99;106;102;98;43;104;90;71;101;41;83;97;59;123;98;103;87;57;99;85;52;103;100;45;55;62;77;107;87;35;81;99;95;97;69;62;111;82;61;102;19;87;94;58;68;51;97;84;82;96;65;116;75;70;83;100;102;99;93;98;60;71;110;99;76;99;95;99;93;97;77;94;102;83;82;94;83;96;87;88;113;92;97;60;58;114;111;31;107;55;60;85;100;105;29;88;25;77;60;106;72;15;77;42;96;89;111;48;108;81;118;40;34;88;73;90;69;108;110;72;44;91;65;106;63;49;77;91;66;71;30;117;103;79;46;72;77;25;82;71;50;64;90;54;61;35;41;18;38;109;21;41;44;30;65;32;48;45;84;29;32;35;60;37;52;85;30;40;66;27;72;40;109;77;85;98;73;38;95;105;110;83;30;61;94;102;25;101;58;100;94;84;76;91;83;81;113;57;42;92;63;68;88;60;117;87;86;55;97;110;81;41;118;98;103;97;96;44;77;52;93;84;76;71;98;63;104;109;93;75;88;65;111;103;110;111;79;108;59;86;73;80;43;82;88;55;94;103;48;122;57;57;70;107;52;89;53;107;86;82;73;116;59;114;74;82;129;83;102;127;82;112;55;104;37;26;70;51;112;32;53;88;93;61;95;113;131;121;99;64;91;71;63;102;83;49;72;100;56;78;102;90;63;64;50;119;57;55;80;44;76;38;77;94;97;31;48;51;86;51;50;77;93;105;58;38;57;48;43;78;33;70;71;119;96;96;115;93;54;102;55;93;74;76;69;45;43;33;79;84;46;84;129;56;101;64;55;34;77;45;58;61;71;107;40;36;47;64;73;43;73;38;47;81;79;44;40;35;97;77;37;50;80;47;65;94;73;36;53;106;50;41;104;91;67;82;27;83;85;93;105;33;101;92;55;91;46;11;25;112;76;30;84;51;48;88;70;49;74;107;21;76;86;18;42;61;88;85;27;105;87;78;81;15;48;31;102;63;89;72;68;73;33;99;44;111;24;43;81;96;111;93;90;34;20;45;31;41;66;94;80;69;69;77;95;35;76;30;29;94;35;71;53;107;101;84;103;76;49;92;89;87;97;114;94;109;42;101;47;104;133;33;63;97;84;83;63;116;86;62;108;113;69;70;90;101;110;85;78;90;54;94;40;75;93;96;77;89;56;54;73;70;103;60;89;98;50;107;88;93;99;89;71;88;80;124;110;104;87;91;86;105;83;103;104;42;96;106;84;74;88;53;90;56;122;100;47;99;63;86;120;56;94;69;81;32;114;107;71;69;87;105;49;84;95;111;89;97;82;40;64;103;110;111;72;109;83;101;93;117;88;90;110;84;85;100;105;40;99;98;107;31;111;101;84;106;78;13;116;96;74;52;34;83;116;96;103;76;75;38;62;33;62;76;21;54;56;66;93;115;53;108;56;46;77;100;53;43;61;62;65;68;68;32;56;45;37;45;32;84;60;29;84;55;88;46;74;50;120;34;80;102;110;89;45;113;97;106;123;100;69;105;120;94;100;74;87;72;75;86;100;118;68;60;90;68;57;65;100;111;96;130;111;65;89;109;87;41;99;77;112;94;89;76;105;118;87;79;88;85;51;100;93;79;83;57;64;75;76;82;96;103;37;94;65;68;89;100;42;110;55;70;41;73;85;77;62;104;62;84;70;67;85;52;102;54;42;84;94;78;105;94;87;101;102;35;39;73;49;91;116;51;32;123;78;44;95;36;81;112;50;53;94;119;69;27;79;61;74;107;52;26;50;28;48;44;69;105;33;26;41;34;40;112;64;44;32;48;36;23;37;59;28;40;42;30;58;64;96;105;107;107;91;45;36;65;88;100;33;82;98;38;38;88;95;109;95;38;78;99;49;79;84;112;108;52;125;102;79;36;77;94;103;32;38;94;30;54;64;45;65;91;110;88;101;70;57;87;63;113;109;82;98;131;71;56;63;70;67;117;128;90;80;75;75;69;116;86;106;91;80;86;79;75;68;77;56;103;63;98;82;74;65;94;106;48;122;60;112;50;112;80;105;83;106;62;74;84;92;71;105;55;83;56;79;100;103;79;60;62;113;35;90;73;36;112;98;74;62;45;108;107;79;70;54;33;35;34;108;28;29;36;42;20;51;28;36;22;54;20;42;61;50;43;45;73;90;64;88;112;89;125;72;108;71;103;110;100;66;93;54;93;70;96;38;122;105;69;39;85;97;62;94;86;88;53;84;89;82;92;91;108;99;37;53;122;31;64;92;45;63;121;115;60;21;56;64;50;75;59;35;109;69;50;95;65;108;96;115;90;59;108;28;63;104;46;112;68;114;29;113;42;59;129;109;62;38;68;73;46;88;110;66;57;28;38;91;27;45;25;109;31;89;79;52;132;52;60;57;89;114;112;50;95;40;39;37;43;33;120;53;114;54;75;104;60;67;77;106;106;85;129;120;70;48;48;105;110;105;74;79;84;90;48;123;70;94;78;96;72;69;47;83;34;43;90;27;63;104;37;45;50;55;76;89;110;44;59;27;42;49;25;76;67;108;119;109;91;91;48;81;81;96;88;30;75;55;63;101;63;50;47;71;107;44;49;81;44;41;116;95;62;46;98;37;43;33;32;40;109;92;36;27;34;41;116;83;45;114;69;103;60;51;65;62;21;30;71;86;92;44;96;70;120;73;64;119;109;38;31;72;113;79;104;67;72;65;78;99;131;74;95;129;47;60;39;47;35;24;37;32;51;63;105;52;72;96;95;90;108;61;105;87;50;34;37;105;81;127;47;82;60;28;117;49;52;112;137;29;53;61;124;53;67;52;122;134;66;57;45;124;46;111;44;36;102;129;117;100;126;110;88;97
match,AKAZE,1,3,1350,98.9215,33.5304,84;105;117;96;102;111;100;121;109;116;110;95;130;90;84;86;96;118;100;105;113;123;101;118;102;102;103;104;93;104;96;110;100;115;95;88;106;107;98;102;85;79;113;100;99;121;130;88;114;92;82;95;105;102;80;97;100;93;129;103;114;123;101;110;114;88;113;86;84;110;105;116;112;90;94;93;123;117;101;132;102;90;108;90;116;107;70;91;85;114;123;99;104;110;116;105;105;93;102;100;117;120;96;106;104;124;109;102;83;80;129;109;93;118;92;101;109;103;90;114;125;96;104;96;87;107;95;113;102;93;88;111;104;107;96;88;90;105;91;74;115;87;83;96;93;80;97;112;103;104;88;98;105;110;100;108;90;108;86;98;103;78;95;109;123;118;96;95;87;93;96;71;109;88;90;87;93;111;108;110;107;75;117;114;122;87;87;116;109;101;99;91;93;96;99;97;115;114;93;102;87;107;110;116;114;93;99;89;99;94;100;115;100;116;64;111;77;102;88;84;100;115;87;108;103;95;84;89;73;94;114;100;98;89;106;98;72;97;118;131;76;105;94;81;100;101;84;111;91;102;119;113;96;105;91;124;114;93;115;82;115;117;97;99;80;86;68;79;104;104;75;100;92;107;116;114;87;121;63;97;85;107;90;58;85;98;69;110;89;84;68;111;88;119;118;95;86;87;65;99;77;92;56;130;70;134;90;75;108;96;82;109;68;99;87;57;97;109;82;113;115;112;101;132;77;102;111;102;120;110;92;91;82;84;83;83;95;78;88;83;79;80;107;89;115;97;100;95;102;91;106;88;83;91;125;123;89;95;116;94;103;95;110;92;85;80;92;93;94;82;87;111;88;107;96;124;109;100;112;87;113;94;107;92;89;102;93;76;109;96;104;91;84;80;112;75;120;74;117;108;100;113;109;100;119;109;92;105;118;90;100;102;107;94;104;130;96;107;93;113;112;104;112;92;101;96;102;88;96;119;101;94;112;111;119;109;117;97;100;93;107;107;86;95;98;120;104;139;79;81;104;80;101;82;99;94;103;132;107;107;94;95;83;100;95;91;94;112;98;102;95;99;93;96;94;87;93;99;114;103;74;97;104;91;125;94;105;99;87;118;88;129;93;100;78;86;107;68;94;70;81;97;62;82;70;83;100;100;95;91;91;80;87;76;99;91;86;77;87;118;91;94;71;80;100;85;98;97;82;87;85;111;92;113;96;96;94;110;104;104;99;115;105;98;104;102;97;109;102;105;97;107;101;109;92;82;110;109;100;97;109;68;71;89;127;98;107;71;89;85;84;104;76;104;89;94;78;112;110;82;81;118;86;83;97;76;101;68;104;72;71;106;96;79;133;91;119;79;110;115;85;102;99;88;119;92;94;108;89;93;80;110;80;87;94;79;97;83;79;82;104;65;79;110;91;98;104;80;88;111;62;122;111;113;93;97;105;75;93;96;79;69;78;115;84;82;87;84;96;83;73;109;105;112;125;92;77;100;115;126;117;94;54;132;121;68;97;108;108;109;127;115;94;94;90;110;98;83;89;116;82;89;97;80;96;91;91;82;74;84;90;95;95;88;85;106;74;101;91;80;91;123;96;109;96;90;116;105;96;104;62;98;77;100;90;82;56;94;103;128;112;99;97;105;92;72;85;102;122;108;134;120;92;117;73;106;126;102;103;92;111;107;110;95;100;92;109;114;84;109;107;91;121;111;99;99;124;89;107;110;82;126;113;97;97;104;79;94;111;71;88;77;108;110;89;87;89;75;73;98;96;86;108;116;114;127;103;83;101;89;101;86;83;104;105;109;110;98;99;113;103;95;91;91;99;106;75;93;106;87;103;87;113;109;90;119;106;74;122;93;115;106;87;84;93;92;92;104;104;81;85;100;95;122;116;90;94;102;91;104;127;115;88;72;95;93;71;85;97;95;71;65;86;78;103;99;92;95;104;106;115;91;104;91;86;79;88;108;117;95;88;95;110;95;87;90;69;74;115;97;82;123;90;88;90;104;94;111;124;79;89;94;126;136;102;95;99;86;102;99;89;101;91;87;107;93;94;89;84;125;134;85;91;88;85;98;85;88;93;112;114;104;73;92;130;115;107;95;120;77;110;121;110;72;104;101;84;93;102;67;125;110;79;95;98;90;85;78;90;103;67;100;71;80;83;85;104;112;92;67;116;85;94;109;100;77;107;106;71;106;93;124;93;79;70;107;119;100;111;110;105;107;72;123;111;113;101;83;99;84;85;85;83;82;93;93;98;98;93;101;87;127;97;106;116;104;80;103;88;101;87;63;70;96;117;122;112;120;108;121;118;123;120;120;119;117;106;120;97;126;112;97;94;108;86;113;101;102;98;119;100;89;99;107;102;99;91;97;114;113;86;108;106;112;92;106;91;119;79;121;82;109;102;104;120;115;114;109;88;107;108;143;113;92;109;86;109;83;101;106;99;104;82;88;86;109;91;71;98;97;91;67;89;103;95;83;72;120;94;113;117;78;84;109;67;85;89;64;91;102;91;88;92;105;118;86;130;95;105;115;107;118;99;118;103;98;103;104;101;90;81;90;95;91;97;93;79;80;110;93;72;119;92;123;121;123;103;89;122;107;112;124;106;93;113;91;124;122;83;107;111;98;92;93;87;100;78;107;107;95;95;109;113;71;90;109;118;101;108;88;85;122;97;79;127;112;103;111;131;94;96;93;119;92;112;116;112;123;120;129;102;120;108;113;87;96;98;120;94;103;91;104;62;104;111;66;83;91;94;66;133;78;84;98;112;125;104;116;117;67;122;125;87;110;134;95;99;71;97;96;83;86;101;93;97;87;89;93;121;105;95;118;108;95;95;102;129;104;123;102;108;94;136;131;101;116;118;96;85;77;115;102;122;104;105;105;90;106;135;96;126;97;115;124;84;114;121;98;108;129;89;89;77;84;135;99;83;97;76;109;89;118;93;114;119;89;99;87;124;109;111;100;103;109;119;122;94;82;89;119;119;114;81;105;88;95;115;84;96;91;103;112;92;122;101;123;122;110;101;103;111;109;91;92;121;116;110;107;124;90
match,AKAZE,2,3,1720,91.1855,46.1067,121;107;118;100;79;51;103;94;107;94;84;103;61;117;90;80;95;91;84;92;101;102;90;125;84;126;91;109;113;94;82;122;112;121;101;82;116;124;93;135;133;81;103;107;99;92;81;113;105;104;93;109;111;95;134;85;113;122;111;115;99;102;123;94;101;117;92;104;85;115;97;120;87;97;106;91;84;98;70;114;70;106;118;108;65;106;120;99;89;87;82;115;111;115;96;72;109;99;99;90;112;101;107;100;81;96;109;85;91;113;107;108;104;86;87;89;90;99;90;116;95;99;115;106;111;86;108;99;93;103;94;106;91;102;103;97;126;99;107;89;89;85;83;120;86;121;95;113;96;104;65;80;100;104;82;116;100;96;92;95;105;92;97;97;99;114;95;95;98;86;89;104;125;91;120;100;86;95;69;117;94;90;86;123;64;91;99;39;92;124;123;80;134;96;96;99;85;91;118;123;68;89;98;115;74;120;126;93;96;92;93;102;86;102;108;113;78;59;93;102;111;91;108;68;95;61;72;104;84;88;110;21;100;94;79;99;53;97;108;110;110;102;94;83;91;123;85;100;96;86;90;90;38;110;112;93;92;82;31;100;86;101;108;80;84;116;77;109;86;78;90;75;114;117;87;97;95;128;69;93;93;94;90;95;99;89;107;86;89;110;111;86;93;84;102;95;116;95;123;94;91;91;88;80;68;90;88;102;105;111;89;56;101;114;88;85;84;77;72;97;86;97;97;94;78;115;107;78;94;92;68;91;96;71;83;104;101;113;104;83;84;92;96;89;72;99;84;83;116;107;118;101;107;77;73;66;108;112;72;119;90;59;74;80;56;95;79;110;67;83;97;92;86;88;107;98;102;79;100;92;116;120;94;116;88;95;105;69;71;76;64;103;78;93;94;96;117;107;72;100;69;85;116;130;91;121;74;93;100;89;126;94;93;75;97;86;113;90;98;106;115;92;122;83;91;102;114;84;96;96;87;111;103;121;89;86;102;106;89;121;87;114;88;78;94;104;114;115;85;117;108;101;82;116;114;88;82;119;81;103;98;112;108;111;89;96;96;79;97;105;75;114;78;94;64;99;93;124;97;100;113;95;85;77;89;110;100;110;86;83;82;100;94;93;109;95;119;105;122;81;109;115;107;121;90;116;89;105;106;94;113;95;121;106;82;74;67;80;103;105;85;65;95;108;77;103;71;122;70;105;78;81;105;60;125;85;106;81;94;106;106;88;67;68;79;78;101;105;111;124;117;101;86;83;65;106;100;98;88;91;104;101;114;80;117;78;103;103;84;76;70;98;49;114;108;102;101;104;66;96;82;119;114;97;44;110;86;51;111;33;53;100;81;34;81;107;78;40;82;104;53;94;56;96;95;39;103;108;33;118;64;65;96;106;82;81;93;105;100;84;46;31;71;75;121;111;92;66;30;41;87;69;111;81;71;23;78;97;28;115;84;102;115;100;108;64;33;33;109;33;108;90;40;33;121;35;116;111;90;73;32;94;39;57;40;109;63;36;87;106;32;90;45;9;29;24;113;101;42;33;43;41;9;22;97;108;115;110;30;32;21;78;115;58;23;37;41;31;119;51;21;107;101;111;45;64;117;19;22;135;110;121;32;130;21;37;31;108;34;116;102;33;82;114;94;71;115;91;88;90;93;42;87;81;95;75;117;113;95;77;111;87;75;83;115;90;72;79;105;103;90;78;87;101;121;81;81;83;87;95;98;120;81;89;103;106;102;121;102;103;97;123;86;84;74;90;84;124;68;89;116;96;96;91;126;87;94;103;97;95;88;97;82;89;118;107;115;90;80;107;80;68;82;91;106;110;107;89;111;80;106;69;116;71;64;110;121;87;80;82;99;113;84;85;93;88;105;84;108;109;62;102;86;81;73;84;89;93;63;93;70;118;87;85;124;100;114;118;75;77;108;106;105;86;78;79;109;92;85;92;91;112;101;97;87;75;122;94;112;133;118;118;116;116;117;83;111;68;108;107;94;89;83;95;89;83;84;93;87;82;108;110;103;101;102;86;88;64;57;59;66;89;103;73;71;91;67;81;65;73;126;74;71;111;105;121;85;121;98;80;114;94;98;101;94;87;106;124;104;116;114;121;85;105;118;84;95;117;93;112;91;91;106;108;94;91;107;73;102;99;80;89;84;82;98;110;102;73;86;93;103;111;101;88;100;81;100;81;85;90;123;104;84;122;73;99;103;90;78;71;91;110;109;114;94;91;102;95;115;105;123;88;110;103;98;100;89;88;114;94;99;106;100;98;90;101;100;108;87;96;110;68;109;101;100;90;120;98;110;111;138;98;91;121;110;113;123;113;89;59;71;110;95;116;67;120;106;71;79;105;88;71;99;88;89;62;94;91;94;89;79;84;76;77;108;108;102;95;55;102;86;52;100;56;82;89;84;91;48;38;77;97;79;42;97;85;101;75;86;77;49;107;73;116;88;62;91;95;57;77;66;43;31;99;44;33;78;29;79;42;108;38;98;49;126;47;99;84;71;29;32;92;23;32;97;42;93;28;21;122;20;34;36;54;113;22;28;32;86;87;96;30;78;26;110;23;99;25;47;18;25;27;18;91;74;77;91;25;29;32;109;52;80;27;22;84;84;27;104;128;91;130;24;109;91;74;65;121;94;81;126;80;84;111;100;125;89;73;95;123;108;102;87;119;103;113;87;94;99;108;101;119;119;82;105;103;115;94;109;91;83;104;69;132;99;102;82;110;84;95;108;68;101;96;78;88;96;76;76;96;96;104;78;101;116;120;94;110;116;105;88;101;107;70;110;104;123;95;83;104;80;96;91;96;75;95;69;57;79;89;92;106;94;104;93;83;82;86;78;102;98;107;101;111;134;105;106;88;99;103;79;119;120;118;103;101;91;92;101;85;120;111;102;94;115;75;56;84;100;103;101;96;92;57;58;74;110;79;74;62;113;126;80;113;100;98;97;87;91;127;108;109;104;69;75;92;102;107;94;88;119;120;111;101;127;106;77;69;108;104;132;108;116;104;95;92;104;103;106;90;100;85;101;105;106;122;106;92;112;86;91;78;86;101;90;108;90;105;97;102;84;85;93;98;128;91;92;108;114;111;71;113;54;106;77;86;90;96;88;105;118;93;98;105;80;88;103;85;116;51;63;95;69;81;45;107;103;55;61;41;41;106;62;83;79;91;56;68;26;36;102;101;78;86;114;116;96;26;40;84;88;64;42;30;46;72;38;101;21;24;86;116;117;35;73;29;96;37;93;97;114;100;98;107;100;79;86;81;119;94;104;95;107;110;87;97;69;74;75;102;141;114;91;100;114;102;87;88;98;95;91;96;130;129;104;127;92;152;85;79;94;95;83;88;116;93;97;118;89;114;90;106;96;106;101;107;98;107;113;90;84;86;75;105;96;96;104;94;105;85;91;68;89;76;110;130;89;108;116;77;87;90;93;105;85;86;80;130;80;118;89;93;103;94;84;82;98;111;121;105;100;100;125;104;123;109;81;115;126;91;100;118;82;110;104;79;78;106;95;70;127;103;107;128;88;87;120;124;111;108;81;65;95;79;102;66;48;88;47;127;66;52;98;49;83;46;91;41;49;45;101;48;61;106;53;37;52;62;27;75;128;104;115;19;19;92;50;84;93;94;101;104;85;75;113;81;85;88;86;97;106;109;106;117;89;76;86;95;102;76;93;96;106;99;114;106;116;113;103;88;115;103;98;90;101;104;133;106;96;96;117;44;109;74;46;110;85;112;87;89;101;79;56;86;100;99;100;76;81;103;100;86;83;88;82;93;87;113;89;92;110;92;78;111;112;116;127;89;92;74;116;99;108;111;105;114;109;81;109;106;88;107;117;97;80;108;90;98;95;108;86;114;96;102;107;127;111;84;91;97
